(datetime.datetime(2006, 6, 20, 0, 0), -7952.0, 14837.0, -12797.0, -1704.0, -585.0, 584.0, -15016.0, 4731.0, 1502.0, 1163.0, 2192.0, -3673.0, -2307.0, -8046.0, -5645.0, 94.0)
(datetime.datetime(2006, 6, 27, 0, 0), -9032.0, -1723.0, 1182.0, 960.0, -1061.0, -1196.0, 244.0, -5013.0, -2143.0, -6299.0, -1501.0, 139.0, -10018.0, -9593.0, 986.0, 561.0)
(datetime.datetime(2006, 7, 3, 0, 0), 16842.0, -3791.0, 17742.0, 415.0, 100.0, 56.0, 13252.0, -1572.0, 201.0, 754.0, -569.0, 4400.0, 15287.0, 20358.0, 1555.0, -3516.0)
(datetime.datetime(2006, 7, 11, 0, 0), 30044.0, -3112.0, 23300.0, 3236.0, 0.0, 395.0, 23402.0, 115.0, 74.0, -1157.0, 1596.0, 4636.0, 27474.0, 30116.0, 2570.0, -72.0)
(datetime.datetime(2006, 7, 18, 0, 0), 11827.0, 15084.0, 16523.0, 203.0, -110.0, 20.0, 2438.0, 508.0, 407.0, 736.0, -810.0, -4420.0, 14468.0, 12118.0, -2641.0, -291.0)
(datetime.datetime(2006, 7, 25, 0, 0), -4390.0, 3874.0, -2520.0, -393.0, 160.0, 1.0, -6516.0, -1220.0, -1419.0, -1763.0, -716.0, -1117.0, -7333.0, -6831.0, 2943.0, 2441.0)
(datetime.datetime(2006, 8, 1, 0, 0), 1731.0, -2150.0, -2149.0, -418.0, 50.0, -242.0, -3961.0, -2588.0, 1715.0, -1155.0, -649.0, 4122.0, -2089.0, 259.0, 3820.0, 1472.0)
(datetime.datetime(2006, 8, 8, 0, 0), -8128.0, -4170.0, -6113.0, -195.0, 200.0, 44.0, -489.0, -2331.0, 125.0, -1695.0, 337.0, 22.0, -6358.0, -7716.0, -1770.0, -412.0)
(datetime.datetime(2006, 8, 15, 0, 0), -13262.0, 7330.0, -19672.0, -613.0, -406.0, 4.0, -18494.0, 4520.0, 1284.0, 1599.0, -955.0, -96.0, -8986.0, -15321.0, -4276.0, 2059.0)
(datetime.datetime(2006, 8, 22, 0, 0), -1044.0, -336.0, -7772.0, 282.0, -450.0, -48.0, -4184.0, 2579.0, 1389.0, 3734.0, 834.0, 2755.0, 3592.0, -713.0, -4636.0, -331.0)
(datetime.datetime(2006, 8, 29, 0, 0), 298.0, 3104.0, -10589.0, 1504.0, 932.0, -1.0, -5803.0, 10128.0, 1207.0, 3417.0, 2999.0, -4227.0, -799.0, 449.0, 1097.0, -151.0)
(datetime.datetime(2006, 9, 5, 0, 0), -8295.0, -5094.0, -6422.0, 1852.0, 493.0, 0.0, -1726.0, 1306.0, 841.0, 583.0, 633.0, -4867.0, -8411.0, -8016.0, 116.0, -279.0)
(datetime.datetime(2006, 9, 12, 0, 0), 4803.0, 1296.0, -8827.0, 1906.0, 1637.0, 0.0, -4511.0, 8207.0, 224.0, 1108.0, -1041.0, 4743.0, 4766.0, 4943.0, 37.0, -140.0)
(datetime.datetime(2006, 9, 19, 0, 0), 5472.0, -1229.0, -2304.0, 800.0, 297.0, 1.0, 349.0, 4992.0, -578.0, 3994.0, 120.0, 2551.0, 5888.0, 5079.0, -416.0, 393.0)
(datetime.datetime(2006, 9, 26, 0, 0), -5867.0, 9652.0, -11335.0, -3222.0, 863.0, 332.0, -6112.0, 1419.0, -2428.0, -3554.0, 1513.0, -2023.0, -7355.0, -11659.0, 1488.0, 5792.0)
(datetime.datetime(2006, 10, 3, 0, 0), -4341.0, -2713.0, -6679.0, 1232.0, 780.0, -84.0, -1409.0, 5083.0, 1238.0, -1380.0, -399.0, -1806.0, -4922.0, -1867.0, 581.0, -2474.0)
(datetime.datetime(2006, 10, 10, 0, 0), -482.0, 6034.0, 10879.0, -1934.0, 125.0, -1319.0, -1696.0, -5488.0, -124.0, 1098.0, -1596.0, -1485.0, 574.0, 992.0, -1056.0, -1474.0)
(datetime.datetime(2006, 10, 17, 0, 0), 5867.0, 1380.0, 17815.0, -1929.0, -252.0, -1253.0, 2438.0, -11275.0, 2485.0, 1411.0, -452.0, -837.0, 3695.0, 6231.0, 2172.0, -364.0)
(datetime.datetime(2006, 10, 24, 0, 0), -6537.0, -15984.0, 15154.0, -2891.0, -2431.0, 3146.0, 3230.0, -19727.0, -1948.0, 1968.0, 856.0, 1423.0, -11056.0, -3527.0, 4519.0, -3010.0)
(datetime.datetime(2006, 10, 31, 0, 0), 8171.0, 1883.0, 9108.0, 723.0, -679.0, 829.0, 9052.0, 2787.0, -2531.0, -3301.0, -2354.0, -1295.0, 5360.0, 5865.0, 2811.0, 2306.0)
(datetime.datetime(2006, 11, 7, 0, 0), 5670.0, -12165.0, 4747.0, 5063.0, 1416.0, 157.0, 9344.0, -1140.0, 451.0, -1152.0, -2036.0, 2034.0, 3732.0, 5629.0, 1938.0, 41.0)
(datetime.datetime(2006, 11, 14, 0, 0), 13220.0, -602.0, 12762.0, 89.0, 1760.0, 795.0, 12441.0, -2887.0, 999.0, -307.0, 1055.0, -844.0, 12571.0, 13640.0, 649.0, -420.0)
(datetime.datetime(2006, 11, 21, 0, 0), 6318.0, 1789.0, 8457.0, 5942.0, -3665.0, -1668.0, 169.0, -339.0, 1234.0, -2038.0, -1041.0, 4994.0, 10422.0, 7972.0, -4104.0, -1654.0)
(datetime.datetime(2006, 11, 28, 0, 0), 5695.0, 3983.0, 1799.0, 404.0, -90.0, -770.0, -1836.0, -237.0, -19.0, -3292.0, -186.0, 3898.0, 2368.0, 4395.0, 3327.0, 1300.0)
(datetime.datetime(2006, 12, 5, 0, 0), -9278.0, -2392.0, -8226.0, -940.0, 346.0, 985.0, 2054.0, 2412.0, 968.0, -2378.0, 1518.0, -5033.0, -6736.0, -7030.0, -2542.0, -2248.0)
(datetime.datetime(2006, 12, 12, 0, 0), -5034.0, -1972.0, -4753.0, -982.0, -217.0, 2266.0, -1655.0, 1087.0, -388.0, 1693.0, -1024.0, -1707.0, -2745.0, -4736.0, -2289.0, -298.0)
(datetime.datetime(2006, 12, 19, 0, 0), -4767.0, 6262.0, -9346.0, -1740.0, -262.0, 155.0, -7134.0, -289.0, 824.0, -3648.0, 653.0, -2183.0, -7464.0, -10448.0, 2697.0, 5681.0)
(datetime.datetime(2006, 12, 26, 0, 0), -8198.0, -360.0, -1176.0, -1256.0, -141.0, -213.0, -3166.0, -573.0, -1948.0, 1410.0, -907.0, -924.0, -6457.0, -5882.0, -1741.0, -2316.0)
(datetime.datetime(2007, 1, 3, 0, 0), -4859.0, -5830.0, -6472.0, 746.0, -339.0, 8.0, 3832.0, 1694.0, -342.0, -1272.0, 779.0, -1173.0, -4031.0, -5845.0, -828.0, 986.0)
(datetime.datetime(2007, 1, 9, 0, 0), -4685.0, 804.0, -5465.0, 50.0, -23.0, 120.0, -2753.0, 2801.0, -948.0, 456.0, -382.0, -665.0, -2936.0, -4562.0, -1749.0, -123.0)
(datetime.datetime(2007, 1, 16, 0, 0), -3121.0, -1270.0, -4101.0, -2619.0, 1.0, -137.0, -2094.0, -3585.0, 40.0, -999.0, 1226.0, 3015.0, -4064.0, -3541.0, 943.0, 420.0)
(datetime.datetime(2007, 1, 23, 0, 0), 8457.0, -7028.0, 9891.0, 2459.0, 344.0, -469.0, 10326.0, -4321.0, 1563.0, -3180.0, 1281.0, 2875.0, 6546.0, 11164.0, 1911.0, -2707.0)
(datetime.datetime(2007, 1, 30, 0, 0), -1040.0, -1192.0, 1736.0, -1523.0, 263.0, 989.0, -1423.0, -2193.0, 1299.0, 1353.0, -1855.0, 31.0, -466.0, 270.0, -574.0, -1310.0)
(datetime.datetime(2007, 2, 6, 0, 0), 15906.0, -3769.0, 11865.0, 6191.0, 91.0, -1058.0, 14858.0, 5028.0, -2388.0, 286.0, 3284.0, 1457.0, 15577.0, 18279.0, 329.0, -2373.0)
(datetime.datetime(2007, 2, 13, 0, 0), 11541.0, 7147.0, 7019.0, 2274.0, -201.0, 1693.0, -521.0, -1013.0, 1546.0, -2103.0, 1966.0, -541.0, 9495.0, 10469.0, 2046.0, 1072.0)
(datetime.datetime(2007, 2, 20, 0, 0), -1203.0, -4959.0, -3309.0, 175.0, 99.0, -1076.0, -2541.0, -2198.0, 194.0, -337.0, -1040.0, 4131.0, -4413.0, -3199.0, 3210.0, 1996.0)
(datetime.datetime(2007, 2, 27, 0, 0), -1592.0, 629.0, 1918.0, 1421.0, 2.0, -444.0, 1353.0, -1617.0, -1143.0, 2780.0, 2567.0, -491.0, 4105.0, 792.0, -5697.0, -2384.0)
(datetime.datetime(2007, 3, 6, 0, 0), -15611.0, 5886.0, -16966.0, -3294.0, -567.0, -74.0, -9026.0, 2100.0, -365.0, -1314.0, 2114.0, -4647.0, -12834.0, -18405.0, -2777.0, 2794.0)
(datetime.datetime(2007, 3, 13, 0, 0), 3783.0, -997.0, 11937.0, -378.0, 115.0, 623.0, 137.0, -293.0, -45.0, 731.0, -9659.0, 4416.0, 4487.0, 7094.0, -704.0, -3311.0)
(datetime.datetime(2007, 3, 20, 0, 0), 11474.0, 2221.0, 6566.0, 805.0, 50.0, 692.0, 3414.0, 522.0, -169.0, 1681.0, 545.0, 2928.0, 11572.0, 11134.0, -98.0, 340.0)
(datetime.datetime(2007, 3, 27, 0, 0), 26380.0, 4292.0, 19442.0, 1432.0, 179.0, -78.0, 11503.0, 452.0, 835.0, 668.0, 1088.0, 5396.0, 24048.0, 27314.0, 2332.0, -934.0)
(datetime.datetime(2007, 4, 3, 0, 0), 5567.0, 4569.0, 10843.0, 1842.0, -609.0, 80.0, 3412.0, -1117.0, -686.0, 481.0, -207.0, -4477.0, 5221.0, 3827.0, 346.0, 1740.0)
(datetime.datetime(2007, 4, 10, 0, 0), 7576.0, -402.0, 4287.0, 1119.0, 31.0, -202.0, 5235.0, 525.0, -390.0, 249.0, 1152.0, 279.0, 5888.0, 5682.0, 1688.0, 1894.0)
(datetime.datetime(2007, 4, 17, 0, 0), -8765.0, 3291.0, -7597.0, -1635.0, -31.0, 1628.0, -6335.0, 348.0, -2720.0, -1050.0, 395.0, -3121.0, -9942.0, -11098.0, 1177.0, 2333.0)
(datetime.datetime(2007, 4, 24, 0, 0), -12390.0, 5450.0, -8021.0, -2316.0, 0.0, -443.0, -8274.0, 1968.0, -92.0, -1308.0, 996.0, -2640.0, -9623.0, -8232.0, -2767.0, -4158.0)
(datetime.datetime(2007, 5, 1, 0, 0), 212.0, -8176.0, 3745.0, 2350.0, 0.0, -229.0, 8260.0, -2996.0, 921.0, -339.0, 918.0, -1352.0, 1435.0, 1007.0, -1223.0, -795.0)
(datetime.datetime(2007, 5, 8, 0, 0), -9538.0, -3611.0, -6970.0, 674.0, 0.0, -1220.0, -950.0, 419.0, -469.0, -2648.0, 536.0, -2138.0, -10362.0, -9842.0, 824.0, 304.0)
(datetime.datetime(2007, 5, 15, 0, 0), 5545.0, 1545.0, 8758.0, 2757.0, 0.0, -418.0, 1877.0, -912.0, -63.0, 1485.0, 664.0, -763.0, 6420.0, 7266.0, -875.0, -1721.0)
(datetime.datetime(2007, 5, 22, 0, 0), 3048.0, 1429.0, -1244.0, 3793.0, 50.0, -1046.0, -200.0, 1545.0, -902.0, 277.0, 1089.0, 1177.0, 4528.0, 669.0, -1480.0, 2379.0)
(datetime.datetime(2007, 5, 29, 0, 0), 9503.0, 2099.0, 2477.0, -347.0, 0.0, 908.0, 1084.0, 2402.0, 743.0, 1398.0, 363.0, 1542.0, 7427.0, 8435.0, 2076.0, 1068.0)
(datetime.datetime(2007, 6, 5, 0, 0), 21490.0, 6656.0, 14102.0, 1550.0, 200.0, 4913.0, -49.0, -2516.0, 368.0, 189.0, -280.0, 4829.0, 18456.0, 21616.0, 3034.0, -126.0)
(datetime.datetime(2007, 6, 12, 0, 0), -21224.0, -9266.0, -18528.0, -3748.0, -200.0, 92.0, -2223.0, -1007.0, 858.0, -2744.0, -437.0, -3946.0, -20977.0, -23168.0, -247.0, 1944.0)
(datetime.datetime(2007, 6, 19, 0, 0), -5057.0, 325.0, -3817.0, -1015.0, 0.0, -503.0, -939.0, -190.0, 2163.0, -267.0, 414.0, -25.0, -261.0, -1958.0, -4796.0, -3099.0)
(datetime.datetime(2007, 6, 26, 0, 0), -13647.0, -2013.0, -8771.0, 6278.0, 0.0, -4018.0, -15527.0, -1420.0, -3461.0, -2294.0, -2901.0, 5586.0, -15449.0, -14985.0, 1802.0, 1338.0)
(datetime.datetime(2007, 7, 3, 0, 0), -4509.0, -3017.0, 5327.0, -425.0, 0.0, -285.0, 8003.0, 644.0, 1011.0, 1025.0, 1129.0, -8771.0, -2459.0, -945.0, -2050.0, -3564.0)
(datetime.datetime(2007, 7, 10, 0, 0), 189.0, -3195.0, 1708.0, 2137.0, 0.0, -176.0, 3277.0, 1311.0, 306.0, -1050.0, -994.0, -507.0, 792.0, 1648.0, -603.0, -1459.0)
(datetime.datetime(2007, 7, 17, 0, 0), 11653.0, 10978.0, 5297.0, 905.0, 0.0, 60.0, -2876.0, -108.0, 1136.0, -1832.0, 1440.0, 4045.0, 12416.0, 11870.0, -763.0, -217.0)
(datetime.datetime(2007, 7, 24, 0, 0), -3060.0, 449.0, -5051.0, -2351.0, 132.0, 346.0, -2840.0, 332.0, -542.0, 2045.0, 545.0, 1476.0, -1417.0, -2762.0, -1643.0, -298.0)
(datetime.datetime(2007, 7, 31, 0, 0), 302.0, -6531.0, -5152.0, 1867.0, 0.0, -691.0, -2037.0, 910.0, -405.0, -426.0, -1262.0, 5232.0, -2991.0, -1368.0, 3293.0, 1670.0)
(datetime.datetime(2007, 8, 7, 0, 0), -7102.0, 103.0, -7510.0, 57.0, 0.0, 991.0, -3857.0, 3081.0, 1131.0, 382.0, -361.0, -4418.0, -5611.0, -7086.0, -1491.0, -16.0)
(datetime.datetime(2007, 8, 14, 0, 0), 2801.0, 7380.0, -2216.0, -2889.0, -499.0, 118.0, -5443.0, 1446.0, 838.0, 2667.0, 434.0, 1119.0, 3790.0, 1240.0, -989.0, 1561.0)
(datetime.datetime(2007, 8, 21, 0, 0), -6501.0, 12778.0, -14789.0, -7729.0, 321.0, 1361.0, -17823.0, 5189.0, -1352.0, 4864.0, -1552.0, 3827.0, -4074.0, -6995.0, -2427.0, 494.0)
(datetime.datetime(2007, 8, 28, 0, 0), -18003.0, 1471.0, -6342.0, -4049.0, 1005.0, -1061.0, -661.0, -308.0, -501.0, -4343.0, -2088.0, -8503.0, -17647.0, -17798.0, -356.0, -205.0)
(datetime.datetime(2007, 9, 4, 0, 0), -1917.0, -10577.0, 4512.0, -45.0, -1326.0, 1690.0, 6522.0, -6517.0, 1114.0, -228.0, 1560.0, -1554.0, -3078.0, -521.0, 1161.0, -1396.0)
(datetime.datetime(2007, 9, 11, 0, 0), 5338.0, -1251.0, 15064.0, 1790.0, 257.0, 500.0, 7661.0, -3280.0, -2782.0, 254.0, -232.0, -3849.0, 2323.0, 5678.0, 3015.0, -340.0)
(datetime.datetime(2007, 9, 18, 0, 0), 6676.0, -3583.0, 6023.0, 1327.0, -47.0, 1326.0, 5806.0, 555.0, -1808.0, -488.0, -18.0, 837.0, 3417.0, 6868.0, 3259.0, -192.0)
(datetime.datetime(2007, 9, 25, 0, 0), 2719.0, -2120.0, -1306.0, 1429.0, 1906.0, 107.0, 1587.0, -241.0, 621.0, 115.0, 239.0, 1113.0, 2852.0, 2439.0, -133.0, 280.0)
(datetime.datetime(2007, 10, 2, 0, 0), -14982.0, -7900.0, -17950.0, -1244.0, 41.0, -1894.0, -5163.0, -183.0, 925.0, 816.0, 2383.0, 1863.0, -12597.0, -14815.0, -2385.0, -167.0)
(datetime.datetime(2007, 10, 9, 0, 0), 2518.0, -144.0, 4194.0, -2205.0, -466.0, -527.0, 2229.0, 1252.0, -293.0, 3425.0, -2453.0, -202.0, 2283.0, 1505.0, 235.0, 1013.0)
(datetime.datetime(2007, 10, 16, 0, 0), 2646.0, 3496.0, 6169.0, -467.0, -323.0, -535.0, 2457.0, -906.0, 2275.0, -358.0, -534.0, -1397.0, 5471.0, 4749.0, -2825.0, -2103.0)
(datetime.datetime(2007, 10, 23, 0, 0), 10570.0, 4424.0, 6941.0, 1286.0, -1218.0, 1225.0, -495.0, 1489.0, -717.0, 1573.0, 1617.0, 1197.0, 8493.0, 10534.0, 2077.0, 36.0)
(datetime.datetime(2007, 10, 30, 0, 0), 8566.0, -1998.0, 3854.0, 2549.0, 0.0, 975.0, 320.0, 58.0, -236.0, 1144.0, -1787.0, 3578.0, 6332.0, 6442.0, 2234.0, 2124.0)
(datetime.datetime(2007, 11, 6, 0, 0), 7505.0, 2459.0, 8723.0, 4683.0, 0.0, -779.0, 3043.0, 289.0, -151.0, 947.0, 707.0, -791.0, 9411.0, 7998.0, -1906.0, -493.0)
(datetime.datetime(2007, 11, 13, 0, 0), -2559.0, -245.0, -2218.0, 679.0, 0.0, 127.0, -2071.0, 1762.0, -455.0, 2654.0, 72.0, -1206.0, -517.0, -1918.0, -2042.0, -641.0)
(datetime.datetime(2007, 11, 20, 0, 0), 12898.0, 3838.0, 7114.0, 2379.0, -150.0, -647.0, 235.0, -1514.0, 4007.0, 1925.0, 2252.0, 3088.0, 14825.0, 14150.0, -1927.0, -1252.0)
(datetime.datetime(2007, 11, 27, 0, 0), 10182.0, 1903.0, 4386.0, -219.0, 0.0, -465.0, 401.0, 1926.0, -935.0, 773.0, 136.0, 191.0, 1649.0, 5239.0, 8533.0, 4943.0)
(datetime.datetime(2007, 12, 4, 0, 0), -11052.0, -9578.0, -8656.0, -443.0, 0.0, 536.0, 352.0, -1278.0, 378.0, 5812.0, 2612.0, -3697.0, -6640.0, -10105.0, -4412.0, -947.0)
(datetime.datetime(2007, 12, 11, 0, 0), -12216.0, 3748.0, -2726.0, 365.0, 0.0, -405.0, -7463.0, -925.0, -2307.0, -2508.0, 30.0, -5390.0, -13960.0, -11723.0, 1744.0, -493.0)
(datetime.datetime(2007, 12, 18, 0, 0), 4078.0, 2230.0, 1836.0, 3409.0, 0.0, -3159.0, -3537.0, 2182.0, 2161.0, 720.0, -969.0, -441.0, 1383.0, 1610.0, 2695.0, 2468.0)
(datetime.datetime(2007, 12, 24, 0, 0), -3359.0, -748.0, 5664.0, -465.0, 0.0, -400.0, 4545.0, -3596.0, 220.0, -3846.0, -2288.0, 1226.0, 532.0, 826.0, -3891.0, -4185.0)
(datetime.datetime(2007, 12, 31, 0, 0), -7384.0, -757.0, -10006.0, -868.0, 560.0, -2086.0, -1026.0, -1153.0, -687.0, -2133.0, 4129.0, 352.0, -7205.0, -8891.0, -179.0, 1507.0)
(datetime.datetime(2008, 1, 8, 0, 0), 5364.0, -1282.0, 5770.0, 1621.0, -560.0, -366.0, 2894.0, 3218.0, 2352.0, -1673.0, -2956.0, 265.0, 3811.0, 7723.0, 1553.0, -2359.0)
(datetime.datetime(2008, 1, 15, 0, 0), -4455.0, 5072.0, -6949.0, -9151.0, 0.0, -227.0, -3348.0, 1550.0, 1232.0, -830.0, -1643.0, -17.0, -7269.0, -6054.0, 2814.0, 1599.0)
(datetime.datetime(2008, 1, 22, 0, 0), 6360.0, 4204.0, 1762.0, 3731.0, 0.0, -412.0, -2162.0, 2191.0, 448.0, -2680.0, -150.0, 1668.0, 4797.0, 5507.0, 1563.0, 853.0)
(datetime.datetime(2008, 1, 29, 0, 0), -12584.0, -3578.0, -15897.0, -1509.0, 0.0, 266.0, -7298.0, 440.0, 1515.0, -515.0, 492.0, 2262.0, -8857.0, -10922.0, -3727.0, -1662.0)
(datetime.datetime(2008, 2, 5, 0, 0), 3635.0, -4446.0, -1938.0, 2621.0, 201.0, 307.0, 3203.0, 499.0, 906.0, -4481.0, 1792.0, 2581.0, 691.0, 4348.0, 2944.0, -713.0)
(datetime.datetime(2008, 2, 12, 0, 0), -2590.0, 313.0, 719.0, 197.0, 49.0, -1270.0, 2889.0, 1742.0, 1043.0, 574.0, -1793.0, -3635.0, 111.0, -3145.0, -2701.0, 555.0)
(datetime.datetime(2008, 2, 19, 0, 0), 9370.0, 8035.0, 6545.0, 1254.0, 50.0, 444.0, -2825.0, 557.0, -322.0, -908.0, 1659.0, -739.0, 4939.0, 8194.0, 4431.0, 1176.0)
(datetime.datetime(2008, 2, 26, 0, 0), 7350.0, 2283.0, 3675.0, -5027.0, 0.0, 5335.0, 2656.0, -2582.0, 3678.0, -1038.0, -2093.0, -967.0, 6920.0, 7046.0, 430.0, 304.0)
(datetime.datetime(2008, 3, 4, 0, 0), -3516.0, -1646.0, -10048.0, -4853.0, 116.0, 1467.0, -3942.0, 2441.0, 3034.0, 1678.0, 1865.0, -1191.0, -5453.0, -2316.0, 1937.0, -1200.0)
(datetime.datetime(2008, 3, 11, 0, 0), -3175.0, 6949.0, -4438.0, -4042.0, -416.0, 2979.0, -5271.0, -2609.0, 3193.0, 413.0, -447.0, -1151.0, 3070.0, -2889.0, -6245.0, -286.0)
(datetime.datetime(2008, 3, 18, 0, 0), -10324.0, 6979.0, -4557.0, -1511.0, 2053.0, -2028.0, -8896.0, -1416.0, -1099.0, 2890.0, 2486.0, -587.0, -4252.0, -5148.0, -6072.0, -5176.0)
(datetime.datetime(2008, 3, 25, 0, 0), -1703.0, 6572.0, -2532.0, -764.0, 2167.0, -2331.0, -7667.0, -1446.0, 1997.0, 3696.0, 1537.0, 79.0, 1582.0, -529.0, -3285.0, -1174.0)
(datetime.datetime(2008, 4, 1, 0, 0), 8693.0, -5092.0, -9412.0, -1913.0, 12937.0, -4533.0, 9629.0, -389.0, 3033.0, 2666.0, -314.0, -1011.0, 2779.0, 311.0, 5914.0, 8382.0)
(datetime.datetime(2008, 4, 8, 0, 0), -14058.0, -711.0, -2740.0, 3238.0, -5876.0, -362.0, -7763.0, 4456.0, -5697.0, -1739.0, -1159.0, 696.0, -12338.0, -10682.0, -1720.0, -3376.0)
(datetime.datetime(2008, 4, 15, 0, 0), -5834.0, -2440.0, -1393.0, 174.0, -143.0, -293.0, 4070.0, 2114.0, -2485.0, -6254.0, -666.0, -268.0, -7496.0, -3134.0, 1662.0, -2700.0)
(datetime.datetime(2008, 4, 22, 0, 0), 2175.0, -2699.0, 5309.0, 312.0, -244.0, 381.0, 4191.0, -2769.0, 33.0, 3167.0, -7.0, -3399.0, 1986.0, -696.0, 189.0, 2871.0)
(datetime.datetime(2008, 4, 29, 0, 0), -4246.0, 3867.0, -10008.0, -265.0, 916.0, -255.0, 422.0, 1884.0, -53.0, -7286.0, -667.0, 1430.0, -2140.0, -6753.0, -2106.0, 2507.0)
(datetime.datetime(2008, 5, 6, 0, 0), -13564.0, -4635.0, -5698.0, -1910.0, 119.0, -128.0, -2405.0, -4555.0, -1074.0, 784.0, 2974.0, -4357.0, -13725.0, -12719.0, 161.0, -845.0)
(datetime.datetime(2008, 5, 13, 0, 0), 4760.0, -4427.0, 4476.0, 940.0, 1771.0, 145.0, 3382.0, 1003.0, -1211.0, 1601.0, -1118.0, 1380.0, 1810.0, 6446.0, 2950.0, -1686.0)
(datetime.datetime(2008, 5, 20, 0, 0), -13018.0, -10067.0, -13297.0, -1194.0, -2109.0, 349.0, -4675.0, -149.0, 375.0, 1316.0, -1318.0, -145.0, -14041.0, -16294.0, 1023.0, 3276.0)
(datetime.datetime(2008, 5, 27, 0, 0), -1759.0, -2180.0, 1358.0, -1447.0, -5857.0, 1624.0, -1224.0, -92.0, 280.0, 480.0, 1258.0, -988.0, -3455.0, -2417.0, 1696.0, 658.0)
(datetime.datetime(2008, 6, 3, 0, 0), 5170.0, 920.0, -2786.0, -1258.0, 2063.0, 1216.0, 2165.0, 1072.0, 1035.0, 348.0, 377.0, 2855.0, 7281.0, 5832.0, -2111.0, -662.0)
(datetime.datetime(2008, 6, 10, 0, 0), 11041.0, 4130.0, -17.0, 338.0, 6077.0, -2301.0, 943.0, 2313.0, 2017.0, -1230.0, -1137.0, 4573.0, 8470.0, 11525.0, 2571.0, -484.0)
(datetime.datetime(2008, 6, 17, 0, 0), 6462.0, -3461.0, 1270.0, -717.0, -506.0, -833.0, 1923.0, -976.0, 4281.0, 1311.0, -1264.0, 5136.0, 7640.0, 7108.0, -1178.0, -646.0)
(datetime.datetime(2008, 6, 24, 0, 0), -7516.0, -390.0, 5911.0, 768.0, -887.0, -1274.0, 2046.0, -3060.0, -3891.0, -1884.0, -1620.0, -2565.0, -7190.0, -7386.0, -326.0, -130.0)
(datetime.datetime(2008, 7, 1, 0, 0), 537.0, -928.0, -500.0, 1696.0, 4528.0, 1373.0, 118.0, -2928.0, -2378.0, -1487.0, 149.0, 2153.0, 547.0, 2397.0, -10.0, -1860.0)
(datetime.datetime(2008, 7, 8, 0, 0), -1142.0, 3432.0, -1088.0, 920.0, -895.0, 70.0, -3519.0, 1186.0, -1285.0, 1786.0, 143.0, -1153.0, 251.0, -3022.0, -1393.0, 1880.0)
(datetime.datetime(2008, 7, 15, 0, 0), 1818.0, 2810.0, 942.0, -556.0, -45.0, -420.0, -2037.0, -725.0, 2630.0, 1207.0, 451.0, 22.0, 3656.0, 2855.0, -1838.0, -1037.0)
(datetime.datetime(2008, 7, 22, 0, 0), -1717.0, 3968.0, -12283.0, -2819.0, 3517.0, 366.0, -1455.0, 2564.0, -1754.0, 460.0, 1120.0, 1445.0, 211.0, -5025.0, -1928.0, 3308.0)
(datetime.datetime(2008, 7, 29, 0, 0), -8622.0, -4133.0, -9888.0, -243.0, -1299.0, 172.0, -4896.0, 621.0, 196.0, -354.0, 400.0, 1187.0, -8071.0, -8611.0, -551.0, -11.0)
(datetime.datetime(2008, 8, 5, 0, 0), -5601.0, 4775.0, -1117.0, -353.0, 2995.0, 1631.0, 3125.0, -470.0, -2214.0, -6519.0, -4510.0, -5691.0, -5246.0, -9376.0, -355.0, 3775.0)
(datetime.datetime(2008, 8, 12, 0, 0), 10362.0, 6581.0, 4361.0, 4792.0, 2100.0, -585.0, -5612.0, 147.0, 4218.0, 1106.0, 568.0, 1738.0, 12238.0, 12547.0, -1876.0, -2185.0)
(datetime.datetime(2008, 8, 19, 0, 0), -899.0, -1201.0, -3488.0, 2919.0, -125.0, -99.0, -820.0, 2100.0, -1440.0, 473.0, 2396.0, 1727.0, 1559.0, 1071.0, -2458.0, -1970.0)
(datetime.datetime(2008, 8, 26, 0, 0), 3900.0, 4603.0, 802.0, 934.0, -525.0, 115.0, 482.0, 1316.0, 756.0, -4227.0, 828.0, -292.0, 2371.0, 3000.0, 1529.0, 900.0)
(datetime.datetime(2008, 9, 2, 0, 0), -6046.0, -4284.0, -5055.0, 436.0, 365.0, -1416.0, 1696.0, -723.0, -1770.0, 317.0, 1287.0, -35.0, -5056.0, -7347.0, -990.0, 1301.0)
(datetime.datetime(2008, 9, 9, 0, 0), 9923.0, 8956.0, 2116.0, 356.0, 25.0, -361.0, 925.0, 2708.0, -669.0, -1675.0, -1575.0, 4334.0, 11866.0, 6578.0, -1943.0, 3345.0)
(datetime.datetime(2008, 9, 16, 0, 0), -878.0, -1721.0, 102.0, -914.0, -1687.0, 497.0, -618.0, -843.0, -2071.0, 797.0, 1487.0, 687.0, -3343.0, -1828.0, 2465.0, 950.0)
(datetime.datetime(2008, 9, 23, 0, 0), -9753.0, -469.0, 6909.0, -3165.0, -6685.0, -521.0, 2670.0, 2683.0, -3747.0, 1232.0, -804.0, -4498.0, -8498.0, -6663.0, -1255.0, -3090.0)
(datetime.datetime(2008, 9, 30, 0, 0), -5933.0, -12914.0, -7259.0, 562.0, 1568.0, -117.0, 857.0, -3955.0, -593.0, 2567.0, -983.0, 3593.0, -6045.0, -7746.0, 112.0, 1813.0)
(datetime.datetime(2008, 10, 7, 0, 0), 7467.0, 11825.0, 12664.0, -2176.0, -641.0, -26.0, -1471.0, -2105.0, 83.0, -766.0, -1379.0, -2772.0, 4697.0, 5824.0, 2770.0, 1643.0)
(datetime.datetime(2008, 10, 14, 0, 0), 8595.0, 2639.0, -1016.0, -3056.0, 357.0, 127.0, -146.0, -709.0, 1636.0, 1568.0, 1507.0, 9674.0, 12442.0, 11576.0, -3847.0, -2981.0)
(datetime.datetime(2008, 10, 21, 0, 0), 119.0, 8879.0, -7720.0, -1375.0, -275.0, -357.0, -4483.0, 6889.0, 585.0, -1811.0, 4004.0, -3868.0, -2430.0, -742.0, 2549.0, 861.0)
(datetime.datetime(2008, 10, 28, 0, 0), -7125.0, -1292.0, -11015.0, -2822.0, 1094.0, 1010.0, -726.0, -1242.0, 147.0, -1200.0, 1394.0, -2056.0, -6939.0, -10668.0, -186.0, 3543.0)
(datetime.datetime(2008, 11, 4, 0, 0), -1776.0, -163.0, 5885.0, -3439.0, -282.0, 484.0, -2145.0, -481.0, 778.0, 250.0, -6482.0, 1217.0, -3018.0, 1119.0, 1242.0, -2895.0)
(datetime.datetime(2008, 11, 11, 0, 0), 4401.0, 7333.0, -1441.0, -3926.0, 1250.0, -401.0, 257.0, -1673.0, 5766.0, -701.0, 1211.0, -801.0, 7527.0, 3911.0, -3126.0, 490.0)
(datetime.datetime(2008, 11, 18, 0, 0), -2244.0, -3658.0, -7816.0, -515.0, -296.0, -89.0, -2331.0, -492.0, -277.0, 586.0, 2561.0, 2702.0, -3582.0, -3707.0, 1338.0, 1463.0)
(datetime.datetime(2008, 11, 25, 0, 0), -13288.0, -77.0, -7304.0, -4248.0, 77.0, 345.0, -2781.0, 1093.0, -5136.0, -4501.0, -4847.0, -495.0, -16893.0, -16267.0, 3605.0, 2979.0)
(datetime.datetime(2008, 12, 2, 0, 0), -7423.0, 1851.0, -3414.0, -719.0, -162.0, 1177.0, -969.0, 2812.0, -605.0, 524.0, 1055.0, -6367.0, -5108.0, -5504.0, -2315.0, -1919.0)
(datetime.datetime(2008, 12, 9, 0, 0), -16217.0, -6310.0, -10595.0, -1736.0, -1382.0, -1085.0, -3134.0, -79.0, -1376.0, 497.0, 2481.0, -5215.0, -18359.0, -17251.0, 2142.0, 1034.0)
(datetime.datetime(2008, 12, 16, 0, 0), 5162.0, 624.0, 5159.0, -1522.0, -1932.0, -1009.0, 2917.0, -1364.0, 729.0, 422.0, -459.0, 5842.0, 8003.0, 6966.0, -2841.0, -1804.0)
(datetime.datetime(2008, 12, 22, 0, 0), -9147.0, -11603.0, -6617.0, -746.0, -1383.0, -274.0, 2867.0, 974.0, 1956.0, 964.0, 6241.0, -1651.0, -8487.0, -754.0, -660.0, -8393.0)
(datetime.datetime(2008, 12, 30, 0, 0), -2700.0, -1789.0, 2024.0, 264.0, -1788.0, -29.0, 238.0, 2001.0, -2959.0, -421.0, -3559.0, 1359.0, -3337.0, -2951.0, 637.0, 251.0)
(datetime.datetime(2009, 1, 6, 0, 0), -12951.0, -11282.0, -4744.0, 193.0, -2557.0, 2952.0, -413.0, -1277.0, 356.0, 964.0, -1670.0, -7668.0, -14898.0, -14608.0, 1947.0, 1657.0)
(datetime.datetime(2009, 1, 13, 0, 0), 2421.0, 572.0, 7271.0, 167.0, 175.0, 697.0, 1319.0, -4709.0, 1286.0, -1099.0, -2099.0, -317.0, 2625.0, 2304.0, -204.0, 117.0)
(datetime.datetime(2009, 1, 20, 0, 0), 7925.0, 4293.0, 4477.0, -728.0, -4.0, 773.0, 1286.0, 3229.0, -2301.0, 1345.0, -808.0, 3182.0, 7850.0, 8548.0, 75.0, -623.0)
(datetime.datetime(2009, 1, 27, 0, 0), -2319.0, 2137.0, -119.0, -1091.0, 2371.0, -1872.0, 1600.0, 1688.0, -3185.0, 728.0, -2374.0, 180.0, -1503.0, -3311.0, -816.0, 992.0)
(datetime.datetime(2009, 2, 3, 0, 0), 6738.0, -1493.0, -3188.0, 1040.0, -1164.0, 70.0, 2651.0, 4223.0, 1466.0, 1370.0, -1791.0, 2103.0, 7207.0, 1719.0, -469.0, 5019.0)
(datetime.datetime(2009, 2, 10, 0, 0), -5725.0, -4267.0, -2755.0, -4230.0, 995.0, -76.0, -4720.0, -1333.0, -1131.0, 5277.0, -377.0, -1905.0, -11052.0, -6582.0, 5327.0, 857.0)
(datetime.datetime(2009, 2, 17, 0, 0), 4295.0, 3415.0, 4124.0, 927.0, -2098.0, -314.0, -312.0, 712.0, -323.0, 3586.0, 1253.0, -1850.0, 5129.0, 1504.0, -834.0, 2791.0)
(datetime.datetime(2009, 2, 24, 0, 0), -5013.0, -3630.0, -16721.0, -1084.0, -2344.0, 2067.0, -4315.0, 2654.0, 4117.0, -4986.0, 302.0, 6322.0, -1509.0, -3603.0, -3504.0, -1410.0)
(datetime.datetime(2009, 3, 3, 0, 0), -70.0, 1116.0, 2262.0, 368.0, -3909.0, 4322.0, 290.0, 3828.0, 5262.0, 232.0, 572.0, -10905.0, 685.0, 1432.0, -755.0, -1502.0)
(datetime.datetime(2009, 3, 10, 0, 0), -3392.0, 888.0, -2444.0, -3165.0, 618.0, -399.0, 1144.0, -1266.0, -3331.0, 49.0, 2676.0, -1156.0, -5970.0, -5302.0, 2578.0, 1910.0)
(datetime.datetime(2009, 3, 17, 0, 0), 1769.0, 11929.0, -451.0, -615.0, 7487.0, -5482.0, -1201.0, 3927.0, -4189.0, 1178.0, 2341.0, 1188.0, 2808.0, 4821.0, -1039.0, -3052.0)
(datetime.datetime(2009, 3, 24, 0, 0), 1474.0, -4007.0, 4398.0, 1253.0, 16.0, 443.0, 329.0, -5306.0, 1324.0, -2184.0, 726.0, 286.0, -2556.0, 1887.0, 4030.0, -413.0)
(datetime.datetime(2009, 3, 31, 0, 0), 418.0, -4487.0, 11915.0, 1866.0, -5132.0, 3192.0, 2736.0, -5193.0, 1095.0, -899.0, -1621.0, -555.0, 2948.0, 3701.0, -2530.0, -3283.0)
(datetime.datetime(2009, 4, 7, 0, 0), -550.0, -10950.0, 3154.0, 192.0, -2099.0, 1971.0, 1749.0, -4800.0, 1418.0, 317.0, -266.0, -345.0, -5648.0, -967.0, 5098.0, 417.0)
(datetime.datetime(2009, 4, 14, 0, 0), 5435.0, 637.0, 8175.0, -375.0, -453.0, -1300.0, 3337.0, -2352.0, -1760.0, -521.0, 148.0, 5126.0, 5144.0, 7584.0, 291.0, -2149.0)
(datetime.datetime(2009, 4, 21, 0, 0), -3991.0, -11284.0, -3021.0, 2825.0, -1756.0, 369.0, 3967.0, 314.0, -334.0, 1142.0, -472.0, 25.0, -3290.0, -4875.0, -701.0, 884.0)
(datetime.datetime(2009, 4, 28, 0, 0), -5331.0, -3062.0, -26.0, 2754.0, -87.0, -1479.0, 2007.0, -564.0, -1960.0, -84.0, -701.0, -1653.0, -3477.0, -6470.0, -1854.0, 1139.0)
(datetime.datetime(2009, 5, 5, 0, 0), -27.0, -9006.0, 3002.0, -22.0, 124.0, 49.0, 6394.0, 1198.0, 1017.0, 1096.0, 842.0, -3903.0, -4375.0, 2329.0, 4348.0, -2356.0)
(datetime.datetime(2009, 5, 12, 0, 0), 6733.0, -1824.0, 8928.0, 2238.0, 70.0, -179.0, 3384.0, -2509.0, 309.0, 2835.0, 1204.0, -536.0, 6227.0, 7287.0, 506.0, -554.0)
(datetime.datetime(2009, 5, 19, 0, 0), 11146.0, 6087.0, 2730.0, 495.0, -645.0, -371.0, 3187.0, 8222.0, -1445.0, 1313.0, -330.0, 1793.0, 11059.0, 9954.0, 87.0, 1192.0)
(datetime.datetime(2009, 5, 26, 0, 0), 9310.0, 4500.0, 3356.0, 2643.0, -51.0, 872.0, -802.0, 1354.0, 156.0, 1222.0, 666.0, -79.0, 8512.0, 6274.0, 798.0, 3036.0)
(datetime.datetime(2009, 6, 2, 0, 0), 6331.0, -6028.0, 6942.0, 4424.0, -44.0, -1580.0, 4655.0, -1769.0, 2890.0, -71.0, 264.0, 883.0, 5173.0, 7586.0, 1158.0, -1255.0)
(datetime.datetime(2009, 6, 9, 0, 0), 10961.0, 2031.0, 84.0, -1110.0, 304.0, 364.0, 2571.0, 742.0, -1524.0, 1597.0, 2263.0, 8195.0, 12124.0, 10428.0, -1163.0, 533.0)
(datetime.datetime(2009, 6, 16, 0, 0), 4744.0, 13740.0, -6559.0, -1708.0, 2104.0, -663.0, -10308.0, 4142.0, -8991.0, 3310.0, -1155.0, 8648.0, 4028.0, -2474.0, 716.0, 7218.0)
(datetime.datetime(2009, 6, 23, 0, 0), -6761.0, 1347.0, -1270.0, 2109.0, -422.0, -89.0, -145.0, 2876.0, 736.0, 1375.0, -105.0, -4317.0, 1016.0, -2591.0, -7777.0, -4170.0)
(datetime.datetime(2009, 6, 30, 0, 0), -4830.0, 9619.0, -11473.0, 487.0, -454.0, -464.0, -6489.0, 2812.0, -2146.0, -7804.0, 2931.0, 532.0, -6265.0, -8262.0, 1435.0, 3432.0)
(datetime.datetime(2009, 7, 7, 0, 0), -199.0, 5557.0, -8760.0, 1004.0, 0.0, 190.0, -4689.0, 4241.0, 2932.0, 547.0, 4531.0, -2055.0, 3486.0, 1079.0, -3685.0, -1278.0)
(datetime.datetime(2009, 7, 14, 0, 0), 10153.0, 5020.0, 1812.0, 2127.0, 2000.0, -16.0, -1345.0, 3419.0, 2335.0, 772.0, -1291.0, 1008.0, 9901.0, 9267.0, 252.0, 886.0)
(datetime.datetime(2009, 7, 21, 0, 0), -3433.0, -3370.0, -2578.0, 877.0, 0.0, -316.0, 161.0, -1697.0, -458.0, -1829.0, -586.0, 5008.0, 73.0, -627.0, -3506.0, -2806.0)
(datetime.datetime(2009, 7, 28, 0, 0), -6276.0, -4529.0, -3900.0, -2263.0, 400.0, 1479.0, -947.0, -3216.0, -561.0, -802.0, -1103.0, -1324.0, -8947.0, -8225.0, 2671.0, 1949.0)
(datetime.datetime(2009, 8, 4, 0, 0), 6925.0, -7386.0, 14135.0, -569.0, 100.0, 843.0, 7214.0, -5542.0, -235.0, -2605.0, -4808.0, 7241.0, 4503.0, 11734.0, 2422.0, -4809.0)
(datetime.datetime(2009, 8, 11, 0, 0), -5777.0, -4091.0, 5267.0, -454.0, -2500.0, -899.0, 2437.0, -5465.0, -2467.0, -3450.0, -70.0, 1126.0, -7798.0, -5008.0, 2021.0, -769.0)
(datetime.datetime(2009, 8, 18, 0, 0), -8796.0, -5526.0, -3082.0, -700.0, 19.0, -1169.0, -812.0, -2812.0, 439.0, -237.0, -675.0, 525.0, -7480.0, -6755.0, -1316.0, -2041.0)
(datetime.datetime(2009, 8, 25, 0, 0), 1208.0, -3206.0, -406.0, -207.0, 181.0, 16.0, 3962.0, 810.0, -523.0, 544.0, -686.0, -79.0, 507.0, -687.0, 701.0, 1895.0)
(datetime.datetime(2009, 9, 1, 0, 0), -6215.0, 4580.0, -20313.0, 147.0, 813.0, -858.0, -6543.0, 10071.0, 682.0, 2476.0, 2139.0, -2535.0, -2051.0, -10001.0, -4164.0, 3786.0)
(datetime.datetime(2009, 9, 8, 0, 0), -11643.0, 872.0, -5279.0, 177.0, -178.0, 213.0, -1184.0, 7257.0, -850.0, 2914.0, -3391.0, -12524.0, -10382.0, -14752.0, -1261.0, 3109.0)
(datetime.datetime(2009, 9, 15, 0, 0), 3324.0, 2041.0, 3849.0, -2141.0, 326.0, 285.0, 5293.0, 3756.0, -1091.0, -636.0, -298.0, -750.0, 3001.0, 6077.0, 323.0, -2753.0)
(datetime.datetime(2009, 9, 22, 0, 0), -6446.0, -3465.0, -3159.0, 1408.0, 39.0, -640.0, -1903.0, 8.0, 565.0, -150.0, -950.0, -2112.0, -6297.0, -6249.0, -149.0, -197.0)
(datetime.datetime(2009, 9, 29, 0, 0), -956.0, 4056.0, -6234.0, -391.0, -407.0, -875.0, -1269.0, 2503.0, -502.0, -3711.0, -30.0, 3146.0, 454.0, -2399.0, -1410.0, 1443.0)
(datetime.datetime(2009, 10, 6, 0, 0), -7677.0, -14090.0, -4161.0, 5776.0, 0.0, 342.0, 758.0, -678.0, 548.0, -107.0, -729.0, -3273.0, -10046.0, -7951.0, 2369.0, 274.0)
(datetime.datetime(2009, 10, 13, 0, 0), 27255.0, -4808.0, 17167.0, 1872.0, -600.0, 1267.0, 5272.0, -7239.0, 2168.0, -1608.0, 1617.0, 14709.0, 18872.0, 29089.0, 8383.0, -1834.0)
(datetime.datetime(2009, 10, 20, 0, 0), 8673.0, -4081.0, 10989.0, -1240.0, -50.0, 3793.0, 8671.0, -9133.0, 1193.0, -1277.0, 2960.0, 676.0, 7735.0, 10428.0, 938.0, -1755.0)
(datetime.datetime(2009, 10, 27, 0, 0), 3543.0, -1950.0, 9987.0, -2358.0, 650.0, 765.0, 9415.0, -6818.0, -2680.0, -1832.0, 791.0, 1608.0, 2968.0, 4303.0, 575.0, -760.0)
(datetime.datetime(2009, 11, 3, 0, 0), -7486.0, 636.0, -5343.0, -187.0, 0.0, 1931.0, -8271.0, -19.0, 1691.0, 118.0, -1084.0, -2310.0, -6392.0, -5134.0, -1094.0, -2352.0)
(datetime.datetime(2009, 11, 9, 0, 0), 3187.0, 582.0, 1132.0, -2169.0, -2000.0, 1299.0, -3241.0, -3891.0, 5027.0, 475.0, 197.0, -62.0, 1911.0, 1702.0, 1276.0, 1485.0)
(datetime.datetime(2009, 11, 17, 0, 0), 18963.0, -1398.0, 21339.0, 2878.0, 769.0, -46.0, 14136.0, -4696.0, -333.0, 264.0, 3167.0, -6345.0, 9156.0, 13855.0, 9807.0, 5108.0)
(datetime.datetime(2009, 11, 24, 0, 0), -3851.0, -1066.0, -2905.0, 553.0, 3261.0, 993.0, 3513.0, -5329.0, 2327.0, -3079.0, 1231.0, 2792.0, 6033.0, 2370.0, -9884.0, -6221.0)
(datetime.datetime(2009, 12, 1, 0, 0), 2632.0, -4421.0, 1733.0, 4634.0, 564.0, 3354.0, 174.0, -456.0, 2409.0, 750.0, 642.0, -6631.0, 269.0, 1615.0, 2363.0, 1017.0)
(datetime.datetime(2009, 12, 8, 0, 0), -22866.0, 432.0, -7608.0, -6549.0, 2828.0, -5549.0, -779.0, -1142.0, -5544.0, -668.0, -308.0, -4739.0, -23396.0, -22062.0, 530.0, -804.0)
(datetime.datetime(2009, 12, 15, 0, 0), -5743.0, 806.0, -6152.0, -1644.0, -124.0, -2361.0, -4040.0, 1829.0, -1498.0, 1029.0, -2165.0, 5901.0, -1807.0, -4570.0, -3936.0, -1173.0)
(datetime.datetime(2009, 12, 22, 0, 0), -11722.0, 7133.0, -9950.0, 277.0, -936.0, -637.0, -15401.0, 751.0, 0.0, 1526.0, -1897.0, -233.0, -7335.0, -12902.0, -4387.0, 1180.0)
(datetime.datetime(2009, 12, 29, 0, 0), -8067.0, -5250.0, -3700.0, -601.0, -688.0, -1496.0, -60.0, 1278.0, -455.0, -832.0, -1129.0, 249.0, -8445.0, -5941.0, 378.0, -2126.0)
(datetime.datetime(2010, 1, 5, 0, 0), -3238.0, -4146.0, 5736.0, -1355.0, -31.0, 756.0, 8934.0, -1588.0, -2415.0, 1342.0, 4675.0, -11214.0, -8098.0, -4081.0, 4860.0, 843.0)
(datetime.datetime(2010, 1, 12, 0, 0), 5585.0, 2609.0, 2900.0, 8006.0, -1840.0, 797.0, -6124.0, 2149.0, 280.0, 4072.0, 999.0, -1157.0, 8483.0, 4128.0, -2898.0, 1457.0)
(datetime.datetime(2010, 1, 19, 0, 0), 3032.0, 7715.0, -4588.0, 6003.0, -1023.0, 678.0, -9483.0, 5571.0, -642.0, 303.0, -889.0, 1605.0, 6179.0, 712.0, -3147.0, 2320.0)
(datetime.datetime(2010, 1, 26, 0, 0), 15710.0, 10761.0, -1503.0, -1443.0, -413.0, 2313.0, -808.0, 9062.0, 1550.0, 591.0, -278.0, 1802.0, 14766.0, 12533.0, 944.0, 3177.0)
(datetime.datetime(2010, 2, 2, 0, 0), 23075.0, 4322.0, 8724.0, 6203.0, 811.0, 1365.0, 1691.0, 4574.0, 1084.0, 3400.0, -122.0, 6660.0, 24725.0, 23096.0, -1650.0, -21.0)
(datetime.datetime(2010, 2, 9, 0, 0), 35724.0, 1749.0, 26122.0, 11695.0, -1287.0, -1729.0, 4149.0, -2118.0, 7704.0, -294.0, -2709.0, 9225.0, 32499.0, 35208.0, 3225.0, 516.0)
(datetime.datetime(2010, 2, 16, 0, 0), -37.0, -6615.0, 6849.0, 2602.0, -964.0, 2354.0, 4121.0, -8253.0, 1399.0, -3002.0, 1109.0, 233.0, 1092.0, 2727.0, -1129.0, -2764.0)
(datetime.datetime(2010, 2, 23, 0, 0), 1481.0, -9682.0, -7008.0, 6668.0, -59.0, 5346.0, 2297.0, -1460.0, 246.0, -4014.0, 4787.0, -121.0, 740.0, 1731.0, 741.0, -250.0)
(datetime.datetime(2010, 3, 2, 0, 0), -12331.0, -5237.0, 11626.0, 7664.0, -253.0, -3696.0, 1882.0, -5776.0, 1709.0, 211.0, 2322.0, -14747.0, -12214.0, -8815.0, -117.0, -3516.0)
(datetime.datetime(2010, 3, 9, 0, 0), 5327.0, -1931.0, 3496.0, 2226.0, -908.0, -839.0, 5539.0, 2735.0, 1852.0, -93.0, 1040.0, -3552.0, 3202.0, 3824.0, 2125.0, 1503.0)
(datetime.datetime(2010, 3, 16, 0, 0), 807.0, 5958.0, -3296.0, -5746.0, 250.0, -263.0, -5088.0, 557.0, 430.0, 1918.0, -3232.0, 7034.0, 4243.0, 1480.0, -3436.0, -673.0)
(datetime.datetime(2010, 3, 23, 0, 0), -1985.0, 3785.0, -2049.0, -6852.0, -100.0, 265.0, -6783.0, -2429.0, -2119.0, 2455.0, 2158.0, 2482.0, -6767.0, -1792.0, 4782.0, -193.0)
(datetime.datetime(2010, 3, 30, 0, 0), 1642.0, 11189.0, -4230.0, -1250.0, -110.0, 2289.0, -5301.0, 5760.0, -1037.0, 113.0, -4595.0, -524.0, 5479.0, -2447.0, -3837.0, 4089.0)
(datetime.datetime(2010, 4, 6, 0, 0), 10695.0, -3310.0, 10741.0, 1289.0, -40.0, -597.0, 8488.0, -2568.0, 1524.0, -226.0, 337.0, 2560.0, 9728.0, 11957.0, 967.0, -1262.0)
(datetime.datetime(2010, 4, 13, 0, 0), -4104.0, -9924.0, 10532.0, 6834.0, -54.0, -6846.0, 10599.0, -1676.0, -1824.0, -1289.0, -254.0, -5504.0, -7954.0, -5626.0, 3850.0, 1522.0)
(datetime.datetime(2010, 4, 20, 0, 0), 4483.0, 6385.0, -12230.0, 11.0, 557.0, 3911.0, -11335.0, 3518.0, 2011.0, 704.0, -1777.0, 7332.0, 9019.0, 3322.0, -4536.0, 1161.0)
(datetime.datetime(2010, 4, 27, 0, 0), -19219.0, -4642.0, 379.0, -432.0, 822.0, -3060.0, -9151.0, -1359.0, -5761.0, 5870.0, -3258.0, -2897.0, -20073.0, -15134.0, 854.0, -4085.0)
(datetime.datetime(2010, 5, 4, 0, 0), 501.0, 12822.0, -12091.0, 1106.0, -338.0, -312.0, -2691.0, 14646.0, -1477.0, 2247.0, 4750.0, -8343.0, 3352.0, -3165.0, -2851.0, 3666.0)
(datetime.datetime(2010, 5, 11, 0, 0), 10652.0, 5919.0, 1959.0, -722.0, 1167.0, 1235.0, 2724.0, 5279.0, 2955.0, 2486.0, -1378.0, -1326.0, 13271.0, 9891.0, -2619.0, 761.0)
(datetime.datetime(2010, 5, 18, 0, 0), 11852.0, 11235.0, -5675.0, -3441.0, 1073.0, 363.0, -2618.0, 10051.0, 428.0, 3838.0, 2037.0, 1953.0, 11758.0, 10230.0, 94.0, 1622.0)
(datetime.datetime(2010, 5, 25, 0, 0), 18800.0, 2927.0, 1687.0, 4240.0, -1339.0, 832.0, -1392.0, 10406.0, 1953.0, 4087.0, -1315.0, 3284.0, 15931.0, 15508.0, 2869.0, 3292.0)
(datetime.datetime(2010, 6, 1, 0, 0), 6894.0, -409.0, 11066.0, 521.0, 139.0, 1231.0, 5087.0, -8591.0, 855.0, -3423.0, -134.0, 3892.0, 7754.0, 8458.0, -860.0, -1564.0)
(datetime.datetime(2010, 6, 8, 0, 0), 11080.0, 12188.0, 1816.0, 1479.0, -614.0, -452.0, -2629.0, 5871.0, -2608.0, 1129.0, 464.0, 3626.0, 12733.0, 8103.0, -1653.0, 2977.0)
(datetime.datetime(2010, 6, 15, 0, 0), -10289.0, -12063.0, -1232.0, 2886.0, -413.0, -3643.0, -1452.0, -5084.0, -234.0, 1637.0, 1469.0, -1166.0, -14035.0, -10303.0, 3746.0, 14.0)
(datetime.datetime(2010, 6, 22, 0, 0), -18100.0, -7162.0, 465.0, 631.0, 5.0, 288.0, -504.0, -9689.0, -977.0, -3221.0, -681.0, -6336.0, -17281.0, -16925.0, -819.0, -1175.0)
(datetime.datetime(2010, 6, 29, 0, 0), -15909.0, -1370.0, -21332.0, -799.0, -772.0, -932.0, -3993.0, 15798.0, -1654.0, 479.0, -1393.0, -2623.0, -10892.0, -12908.0, -5017.0, -3001.0)
(datetime.datetime(2010, 7, 6, 0, 0), 633.0, 6457.0, -4738.0, -4027.0, -17.0, -332.0, -840.0, 8948.0, -1620.0, 3804.0, -71.0, -4413.0, -971.0, -2243.0, 1604.0, 2876.0)
(datetime.datetime(2010, 7, 13, 0, 0), -10855.0, -14912.0, 2645.0, -734.0, 1080.0, -1818.0, 5777.0, -11448.0, 1940.0, -5175.0, -238.0, 2310.0, -12612.0, -5529.0, 1757.0, -5326.0)
(datetime.datetime(2010, 7, 20, 0, 0), -1072.0, -6460.0, 4167.0, 58.0, 1031.0, 693.0, 4954.0, -12773.0, -1010.0, -6961.0, 3112.0, 6117.0, -2609.0, 1337.0, 1537.0, -2409.0)
(datetime.datetime(2010, 7, 27, 0, 0), -542.0, -3914.0, 7163.0, -124.0, 114.0, -385.0, 5013.0, -8587.0, 1020.0, -2240.0, 642.0, -1092.0, -1722.0, -1125.0, 1180.0, 583.0)
(datetime.datetime(2010, 8, 3, 0, 0), 10102.0, -9806.0, 17508.0, 2853.0, 347.0, -794.0, 12931.0, -9808.0, -1184.0, 1078.0, 4476.0, 2504.0, 7582.0, 13049.0, 2520.0, -2947.0)
(datetime.datetime(2010, 8, 10, 0, 0), 18032.0, -1095.0, 15270.0, 258.0, -769.0, -1601.0, 9956.0, 1885.0, -229.0, 5383.0, 909.0, 1608.0, 14280.0, 17073.0, 3752.0, 959.0)
(datetime.datetime(2010, 8, 17, 0, 0), 4820.0, 915.0, 10092.0, -5248.0, 583.0, -1255.0, 5013.0, -6532.0, -1766.0, 141.0, -701.0, 5903.0, 3703.0, 6324.0, 1117.0, -1504.0)
(datetime.datetime(2010, 8, 24, 0, 0), -35511.0, 6363.0, -20898.0, -15309.0, -369.0, 860.0, -11587.0, -298.0, -6567.0, 507.0, -1941.0, -6056.0, -31789.0, -35269.0, -3722.0, -242.0)
(datetime.datetime(2010, 8, 31, 0, 0), -17743.0, 2224.0, -9859.0, -294.0, 888.0, -874.0, -8375.0, 4101.0, -749.0, -230.0, -158.0, -8134.0, -16432.0, -14785.0, -1311.0, -2958.0)
(datetime.datetime(2010, 9, 7, 0, 0), 2686.0, -159.0, 2846.0, -2177.0, 1101.0, 550.0, 1904.0, -1152.0, -232.0, 1252.0, 976.0, -1768.0, -630.0, 2321.0, 3316.0, 365.0)
(datetime.datetime(2010, 9, 14, 0, 0), 18168.0, 2186.0, 15473.0, -252.0, 210.0, 3141.0, 11276.0, -3273.0, 1000.0, -2038.0, 52.0, 2493.0, 17806.0, 19096.0, 362.0, -928.0)
(datetime.datetime(2010, 9, 21, 0, 0), 29929.0, 2983.0, 25215.0, -2131.0, 40.0, 2279.0, 12326.0, -1316.0, 580.0, 2104.0, -5160.0, 7947.0, 26088.0, 29585.0, 3841.0, 344.0)
(datetime.datetime(2010, 9, 28, 0, 0), 8251.0, -4803.0, 7983.0, -627.0, 409.0, -461.0, 14268.0, 438.0, 22.0, 2913.0, 795.0, -1072.0, 10240.0, 8114.0, -1989.0, 137.0)
(datetime.datetime(2010, 10, 5, 0, 0), -10061.0, -7657.0, 6993.0, 2088.0, -857.0, -1101.0, 5484.0, -4949.0, -953.0, 2014.0, -483.0, -9364.0, -9489.0, -10714.0, -572.0, 653.0)
(datetime.datetime(2010, 10, 12, 0, 0), 4266.0, 2977.0, -3308.0, -1109.0, 83.0, 4895.0, -6460.0, -1703.0, 2198.0, -396.0, 1881.0, -1603.0, 502.0, 2443.0, 3764.0, 1823.0)
(datetime.datetime(2010, 10, 19, 0, 0), 14072.0, 1667.0, -1663.0, 1375.0, 80.0, 6666.0, -187.0, 634.0, 1932.0, -2284.0, 353.0, 5072.0, 14241.0, 13074.0, -169.0, 998.0)
(datetime.datetime(2010, 10, 26, 0, 0), 20554.0, 11631.0, 10153.0, 684.0, 1655.0, 2227.0, -3708.0, 780.0, 3856.0, 1926.0, 1696.0, 2743.0, 19359.0, 23110.0, 1195.0, -2556.0)
(datetime.datetime(2010, 11, 2, 0, 0), 11400.0, 7388.0, 6647.0, 4439.0, 191.0, -545.0, -171.0, 169.0, 857.0, -1880.0, -355.0, 3519.0, 13607.0, 10483.0, -2207.0, 917.0)
(datetime.datetime(2010, 11, 9, 0, 0), 15579.0, 17706.0, 8936.0, -2108.0, -3073.0, 1805.0, -10640.0, 2513.0, 789.0, 4068.0, 1360.0, 790.0, 12410.0, 13120.0, 3169.0, 2459.0)
(datetime.datetime(2010, 11, 16, 0, 0), -16397.0, 8149.0, -7589.0, -4342.0, 26.0, 3633.0, -1636.0, -826.0, -6402.0, -3672.0, -725.0, -6682.0, -10952.0, -18565.0, -5445.0, 2168.0)
(datetime.datetime(2010, 11, 23, 0, 0), -1320.0, -911.0, -8589.0, -579.0, 457.0, -3434.0, -4016.0, -679.0, 1539.0, 144.0, -1096.0, 10272.0, 3015.0, -1530.0, -4335.0, 210.0)
(datetime.datetime(2010, 11, 30, 0, 0), -30759.0, -13037.0, -6211.0, 7026.0, 701.0, -15421.0, -4972.0, -1718.0, -4985.0, -2094.0, -3406.0, -2242.0, -35725.0, -33282.0, 4966.0, 2523.0)
(datetime.datetime(2010, 12, 7, 0, 0), 16956.0, 4342.0, 16306.0, 1158.0, -3815.0, 376.0, 3103.0, 2442.0, 2951.0, 3911.0, -872.0, -651.0, 15190.0, 16737.0, 1766.0, 219.0)
(datetime.datetime(2010, 12, 14, 0, 0), 9371.0, -4116.0, 7661.0, 9755.0, 120.0, 3141.0, 3610.0, -953.0, 2957.0, -2800.0, -540.0, -1282.0, 11265.0, 11104.0, -1894.0, -1733.0)
(datetime.datetime(2010, 12, 21, 0, 0), 2260.0, -3328.0, 4444.0, 2518.0, 105.0, -2507.0, 2626.0, 35.0, 777.0, 876.0, 151.0, 1630.0, 2592.0, 4635.0, -332.0, -2375.0)
(datetime.datetime(2010, 12, 28, 0, 0), -3923.0, 1662.0, 8139.0, 3088.0, 523.0, -858.0, 1707.0, 377.0, -776.0, 727.0, -972.0, -10417.0, -4867.0, -3984.0, 944.0, 61.0)
(datetime.datetime(2011, 1, 4, 0, 0), 8144.0, 3006.0, 9346.0, 2258.0, 808.0, -807.0, 31.0, -718.0, 1179.0, 4339.0, -320.0, -270.0, 9736.0, 9218.0, -1592.0, -1074.0)
(datetime.datetime(2011, 1, 11, 0, 0), 7512.0, 13633.0, 9139.0, -4151.0, 263.0, -469.0, 735.0, -709.0, -481.0, -556.0, 2473.0, -39.0, 8672.0, 10177.0, -1160.0, -2665.0)
(datetime.datetime(2011, 1, 18, 0, 0), 6520.0, 8120.0, 4863.0, -4511.0, 866.0, 1784.0, 4231.0, 1819.0, 1101.0, -1073.0, -1082.0, -2333.0, 7319.0, 7018.0, -799.0, -498.0)
(datetime.datetime(2011, 1, 25, 0, 0), 11355.0, 13228.0, -4820.0, -4150.0, 750.0, 2849.0, -3750.0, 3354.0, 2356.0, -1220.0, 2037.0, 4335.0, 13648.0, 10861.0, -2293.0, 494.0)
(datetime.datetime(2011, 2, 1, 0, 0), 15996.0, -7561.0, 15224.0, -1086.0, 183.0, 1135.0, 14743.0, -2078.0, -2512.0, 2551.0, -1559.0, 4658.0, 11928.0, 15051.0, 4068.0, 945.0)
(datetime.datetime(2011, 2, 8, 0, 0), 7560.0, -4927.0, 7891.0, 976.0, 36.0, -1980.0, 3273.0, -1515.0, 2241.0, 4749.0, 78.0, 375.0, 4707.0, 7126.0, 2853.0, 434.0)
(datetime.datetime(2011, 2, 15, 0, 0), -9710.0, 883.0, -23547.0, 1661.0, 70.0, 2170.0, -7334.0, 4112.0, -287.0, -2850.0, 4808.0, -3253.0, -9010.0, -15927.0, -700.0, 6217.0)
(datetime.datetime(2011, 2, 22, 0, 0), -24695.0, -1910.0, -23117.0, 3124.0, -411.0, -5078.0, -14966.0, -15.0, 368.0, -8930.0, -502.0, -192.0, -27584.0, -28947.0, 2889.0, 4252.0)
(datetime.datetime(2011, 3, 1, 0, 0), -6176.0, -12791.0, -5636.0, -6079.0, 261.0, 6572.0, 4620.0, -2109.0, -1524.0, 6575.0, -271.0, -830.0, -3457.0, -3537.0, -2719.0, -2639.0)
(datetime.datetime(2011, 3, 8, 0, 0), 3555.0, -5174.0, 4072.0, 1676.0, 897.0, 1129.0, 2150.0, -2610.0, 4160.0, 3378.0, 2781.0, -834.0, 6485.0, 9595.0, -2930.0, -6040.0)
(datetime.datetime(2011, 3, 15, 0, 0), 2265.0, 758.0, -19416.0, -5262.0, -1951.0, -671.0, -8724.0, 3203.0, -1329.0, 3867.0, 1838.0, 2493.0, -8868.0, -15833.0, 11133.0, 18098.0)
(datetime.datetime(2011, 3, 22, 0, 0), -29712.0, 379.0, -9178.0, -6418.0, 133.0, 30.0, -4871.0, 241.0, -4066.0, -2912.0, -2782.0, 1111.0, -16747.0, -14511.0, -12965.0, -15201.0)
(datetime.datetime(2011, 3, 29, 0, 0), 6328.0, -4465.0, 4586.0, 1322.0, -343.0, 573.0, 6570.0, -1047.0, -148.0, -630.0, 1290.0, 2365.0, 5587.0, 7276.0, 741.0, -948.0)
(datetime.datetime(2011, 4, 5, 0, 0), 27334.0, 2526.0, 11890.0, -995.0, 76.0, 987.0, 14627.0, 2066.0, 986.0, -1238.0, 2936.0, 8143.0, 25036.0, 27084.0, 2298.0, 250.0)
(datetime.datetime(2011, 4, 12, 0, 0), -8288.0, -4322.0, -9021.0, -2539.0, 203.0, -633.0, -1662.0, -273.0, -3058.0, -1657.0, -481.0, -1233.0, -15104.0, -14496.0, 6816.0, 6208.0)
(datetime.datetime(2011, 4, 19, 0, 0), -16055.0, -6359.0, -3212.0, -3883.0, -518.0, 1563.0, -2005.0, -201.0, 698.0, 5485.0, -1488.0, -8792.0, -13293.0, -11950.0, -2762.0, -4105.0)
(datetime.datetime(2011, 4, 26, 0, 0), -12880.0, -3044.0, -7456.0, 5194.0, -185.0, -3900.0, -712.0, 1415.0, 699.0, -8302.0, -1205.0, -552.0, -10617.0, -11184.0, -2263.0, -1696.0)
(datetime.datetime(2011, 5, 3, 0, 0), -18461.0, -6243.0, -15096.0, -96.0, 1108.0, 672.0, -5293.0, 634.0, -782.0, -1833.0, -3692.0, -2868.0, -16443.0, -20024.0, -2018.0, 1563.0)
(datetime.datetime(2011, 5, 10, 0, 0), -13323.0, 5686.0, -14558.0, -493.0, -1178.0, -486.0, -14600.0, 4481.0, 435.0, -81.0, -354.0, -1352.0, -10891.0, -13012.0, -2432.0, -311.0)
(datetime.datetime(2011, 5, 17, 0, 0), 2436.0, 6684.0, -1690.0, 122.0, 1822.0, -1572.0, -473.0, 2700.0, 530.0, 363.0, 369.0, -1193.0, 4461.0, 966.0, -2025.0, 1470.0)
(datetime.datetime(2011, 5, 24, 0, 0), 6989.0, -7055.0, 11348.0, 587.0, -2166.0, -669.0, 6879.0, -4689.0, -3311.0, -710.0, 515.0, 6913.0, 2634.0, 7941.0, 4355.0, -952.0)
(datetime.datetime(2011, 5, 31, 0, 0), 3832.0, -5076.0, 8097.0, -142.0, -1063.0, 250.0, 5396.0, -4507.0, -91.0, -121.0, -466.0, 594.0, 810.0, 2814.0, 3022.0, 1018.0)
(datetime.datetime(2011, 6, 7, 0, 0), 11953.0, 242.0, 12904.0, -448.0, 595.0, -1436.0, 10275.0, 675.0, 970.0, -582.0, -1339.0, 1050.0, 10071.0, 13419.0, 1882.0, -1466.0)
(datetime.datetime(2011, 6, 14, 0, 0), -6347.0, 7075.0, -10796.0, 892.0, 30.0, 659.0, -7538.0, 7792.0, -681.0, 2055.0, 286.0, -2761.0, -299.0, -5471.0, -6048.0, -876.0)
(datetime.datetime(2011, 6, 21, 0, 0), 2506.0, 7411.0, -10613.0, -5480.0, -229.0, 5098.0, -5595.0, 1681.0, 1376.0, -1895.0, 1711.0, 1946.0, 2861.0, 970.0, -355.0, 1536.0)
(datetime.datetime(2011, 6, 28, 0, 0), -39251.0, 1622.0, -31068.0, 1170.0, -749.0, -3965.0, -12888.0, 983.0, -2397.0, -8510.0, 1858.0, -7980.0, -32948.0, -43318.0, -6303.0, 4067.0)
(datetime.datetime(2011, 7, 5, 0, 0), -4544.0, -2773.0, -9794.0, 1602.0, 694.0, -1763.0, -3926.0, 7168.0, 1790.0, -1078.0, -421.0, 513.0, -5635.0, -1813.0, 1091.0, -2731.0)
(datetime.datetime(2011, 7, 12, 0, 0), -3147.0, -4108.0, 12462.0, -451.0, -712.0, -854.0, 2371.0, -8545.0, -1196.0, 1204.0, -2020.0, -1105.0, -4139.0, -1970.0, 992.0, -1177.0)
(datetime.datetime(2011, 7, 19, 0, 0), 13922.0, 1028.0, 14496.0, 1784.0, 242.0, 298.0, 4681.0, -2082.0, 1015.0, -478.0, 1170.0, 1108.0, 9436.0, 16247.0, 4486.0, -2325.0)
(datetime.datetime(2011, 7, 26, 0, 0), -17800.0, -1858.0, -15938.0, -3039.0, -607.0, -863.0, -4798.0, 2475.0, -1453.0, -264.0, -251.0, -1950.0, -14225.0, -18587.0, -3575.0, 787.0)
(datetime.datetime(2011, 8, 2, 0, 0), 5474.0, 123.0, 1796.0, 367.0, 582.0, 239.0, 2398.0, 2068.0, -951.0, 1575.0, 1416.0, 983.0, 4734.0, 6133.0, 740.0, -659.0)
(datetime.datetime(2011, 8, 9, 0, 0), -8675.0, 14957.0, -26876.0, -4891.0, 435.0, 2849.0, -13941.0, 13569.0, -1751.0, 1783.0, -28.0, -1068.0, -2062.0, -12870.0, -6613.0, 4195.0)
(datetime.datetime(2011, 8, 16, 0, 0), 2207.0, 2422.0, 4221.0, -2530.0, 203.0, 623.0, -100.0, -2565.0, 1941.0, -1859.0, -1828.0, 434.0, 931.0, 3029.0, 1276.0, -822.0)
(datetime.datetime(2011, 8, 23, 0, 0), -1032.0, -7694.0, 2216.0, -1245.0, -165.0, 1049.0, 2766.0, -8507.0, 1328.0, -496.0, 1100.0, 2774.0, -1518.0, -205.0, 486.0, -827.0)
(datetime.datetime(2011, 8, 30, 0, 0), 4665.0, -13600.0, 18965.0, -3024.0, 643.0, -819.0, 12155.0, -16619.0, 1225.0, -1083.0, 824.0, 3627.0, -1519.0, 7846.0, 6184.0, -3181.0)
(datetime.datetime(2011, 9, 6, 0, 0), 864.0, 783.0, 3328.0, -1098.0, 1017.0, 244.0, 4252.0, -1100.0, 1663.0, 341.0, 1990.0, -6339.0, -154.0, 803.0, 1018.0, 61.0)
(datetime.datetime(2011, 9, 13, 0, 0), 12401.0, 11862.0, 8799.0, 841.0, 589.0, 272.0, -2200.0, 748.0, 787.0, 1263.0, 1577.0, 685.0, 13510.0, 13457.0, -1109.0, -1056.0)
(datetime.datetime(2011, 9, 20, 0, 0), -11013.0, 429.0, -10857.0, 3088.0, -2420.0, -1085.0, -6338.0, 7174.0, -4216.0, 194.0, -2335.0, 520.0, -7408.0, -13219.0, -3605.0, 2206.0)
(datetime.datetime(2011, 9, 27, 0, 0), -2753.0, 14939.0, -19075.0, 62.0, 0.0, -1177.0, -7207.0, 12504.0, -2110.0, -991.0, 3291.0, -3817.0, -301.0, -10384.0, -2452.0, 7631.0)
(datetime.datetime(2011, 10, 4, 0, 0), 6826.0, 777.0, -7062.0, -469.0, 127.0, 2565.0, -1649.0, 10181.0, -187.0, 3222.0, -1870.0, 2367.0, 6626.0, 6121.0, 200.0, 705.0)
(datetime.datetime(2011, 10, 11, 0, 0), 7105.0, 4509.0, -1032.0, 3558.0, 140.0, 1790.0, 251.0, 10376.0, 1853.0, -41.0, -2495.0, -610.0, 11310.0, 10022.0, -4205.0, -2917.0)
(datetime.datetime(2011, 10, 18, 0, 0), 73.0, -3754.0, 5993.0, 4602.0, -1581.0, 936.0, 226.0, -6680.0, 432.0, -3185.0, -273.0, -1646.0, -2389.0, -2819.0, 2462.0, 2892.0)
(datetime.datetime(2011, 10, 25, 0, 0), 9620.0, 7597.0, 1976.0, 13.0, 0.0, 1254.0, -4220.0, 6079.0, -54.0, 3218.0, -1674.0, 2112.0, 9920.0, 9693.0, -300.0, -73.0)
(datetime.datetime(2011, 11, 1, 0, 0), 3608.0, 3272.0, 2698.0, -2519.0, 322.0, -967.0, 992.0, 4055.0, -1052.0, -1427.0, -2316.0, 2296.0, 595.0, 5036.0, 3013.0, -1428.0)
(datetime.datetime(2011, 11, 8, 0, 0), -8213.0, -10774.0, -2633.0, 3199.0, 711.0, -7046.0, 2478.0, -3310.0, -1412.0, -816.0, -679.0, 4018.0, -10353.0, -10351.0, 2140.0, 2138.0)
(datetime.datetime(2011, 11, 15, 0, 0), -6056.0, -4469.0, 308.0, 631.0, -90.0, -1056.0, 447.0, -2477.0, 1539.0, 11.0, 1200.0, -2585.0, -5482.0, -3161.0, -574.0, -2895.0)
(datetime.datetime(2011, 11, 22, 0, 0), 15125.0, 11731.0, 2788.0, 7613.0, -182.0, -223.0, -5969.0, 5875.0, 1501.0, 200.0, 47.0, 2560.0, 17413.0, 12366.0, -2288.0, 2759.0)
(datetime.datetime(2011, 11, 29, 0, 0), 11275.0, 3515.0, -392.0, 1392.0, 721.0, -2184.0, 3829.0, 4838.0, 766.0, -93.0, 1611.0, 2466.0, 9691.0, 7826.0, 1584.0, 3449.0)
(datetime.datetime(2011, 12, 6, 0, 0), -4825.0, -1194.0, 640.0, -1428.0, 201.0, 4814.0, 5351.0, 1350.0, 1350.0, -3137.0, -3212.0, -6578.0, -822.0, -1435.0, -4003.0, -3390.0)
(datetime.datetime(2011, 12, 13, 0, 0), -698.0, -5861.0, -5477.0, -578.0, 879.0, 1329.0, 558.0, -494.0, -2242.0, 2221.0, 563.0, 3617.0, -956.0, -1825.0, 258.0, 1127.0)
(datetime.datetime(2011, 12, 20, 0, 0), -11032.0, -7760.0, -9710.0, -2214.0, 1065.0, -2816.0, -464.0, 2825.0, 379.0, -797.0, -1001.0, 1364.0, -12308.0, -7894.0, 1276.0, -3138.0)
(datetime.datetime(2011, 12, 27, 0, 0), -13497.0, -14491.0, 2373.0, 3839.0, -430.0, -516.0, -2298.0, -9135.0, -226.0, 2367.0, -303.0, -3947.0, -15272.0, -12184.0, 1775.0, -1313.0)
(datetime.datetime(2012, 1, 3, 0, 0), -16885.0, -7669.0, 296.0, -1913.0, -1217.0, -1503.0, -1521.0, -10818.0, 1192.0, -1039.0, 2425.0, -3795.0, -16248.0, -13420.0, -637.0, -3465.0)
(datetime.datetime(2012, 1, 10, 0, 0), 4352.0, -4402.0, 6941.0, 3889.0, 166.0, 494.0, 3555.0, -29.0, -2124.0, 3005.0, -3357.0, -612.0, 3805.0, 1479.0, 547.0, 2873.0)
(datetime.datetime(2012, 1, 17, 0, 0), 16806.0, 15217.0, -335.0, 8140.0, 92.0, 1959.0, -6287.0, 12791.0, -272.0, -1904.0, -643.0, 1491.0, 18344.0, 15083.0, -1538.0, 1723.0)
(datetime.datetime(2012, 1, 24, 0, 0), 20713.0, 765.0, 5304.0, 1094.0, 26.0, 1657.0, 6109.0, 11918.0, 3747.0, 2422.0, -4696.0, 4607.0, 20401.0, 22563.0, 312.0, -1850.0)
(datetime.datetime(2012, 1, 31, 0, 0), 10939.0, 2780.0, -1990.0, 1258.0, 38.0, 1150.0, 1155.0, 4960.0, 682.0, 1421.0, 820.0, 3061.0, 11507.0, 8721.0, -568.0, 2218.0)
(datetime.datetime(2012, 2, 7, 0, 0), -10768.0, -10136.0, 6455.0, -2875.0, -310.0, 588.0, 870.0, -11323.0, -468.0, -163.0, -143.0, -2448.0, -14632.0, -7649.0, 3864.0, -3119.0)
(datetime.datetime(2012, 2, 14, 0, 0), -861.0, -6976.0, 5217.0, 2979.0, 282.0, -3079.0, 2957.0, -13421.0, 1402.0, -3506.0, 3854.0, 2539.0, -3684.0, -3206.0, 2823.0, 2345.0)
(datetime.datetime(2012, 2, 21, 0, 0), -871.0, -5396.0, 9618.0, -915.0, -16.0, 1950.0, 5839.0, -8441.0, 270.0, -1647.0, -139.0, -2370.0, -2269.0, 872.0, 1398.0, -1743.0)
(datetime.datetime(2012, 2, 28, 0, 0), -6506.0, -12986.0, 2527.0, 662.0, 23.0, -2141.0, 5373.0, -5777.0, -747.0, -362.0, 1685.0, 1544.0, -8657.0, -2886.0, 2151.0, -3620.0)
(datetime.datetime(2012, 3, 6, 0, 0), 6232.0, 12151.0, -684.0, 2550.0, -116.0, 5565.0, -6544.0, 8279.0, -2053.0, 2149.0, 1073.0, -5700.0, 8118.0, 6364.0, -1886.0, -132.0)
(datetime.datetime(2012, 3, 13, 0, 0), 26182.0, -205.0, 15116.0, 1399.0, 86.0, 1351.0, 7292.0, 4196.0, 3802.0, 8759.0, 724.0, 792.0, 23190.0, 26067.0, 2992.0, 115.0)
(datetime.datetime(2012, 3, 20, 0, 0), 6672.0, 3483.0, 8607.0, -3537.0, -20.0, 986.0, 4018.0, -5073.0, 1061.0, 135.0, 1339.0, 120.0, 6266.0, 7020.0, 406.0, -348.0)
(datetime.datetime(2012, 3, 27, 0, 0), 19451.0, 7990.0, 14168.0, 2715.0, -309.0, 543.0, -884.0, 3275.0, 1191.0, 4505.0, -2151.0, 2921.0, 18981.0, 19638.0, 470.0, -187.0)
(datetime.datetime(2012, 4, 3, 0, 0), -3460.0, -3879.0, 3067.0, -5044.0, 337.0, 1803.0, 2502.0, -6062.0, -210.0, 1253.0, 1495.0, -2668.0, -6243.0, -2238.0, 2783.0, -1222.0)
(datetime.datetime(2012, 4, 10, 0, 0), 26985.0, -1789.0, 16654.0, 3429.0, -353.0, -409.0, 13714.0, -1933.0, 2097.0, 502.0, 1457.0, 8861.0, 26405.0, 26374.0, 580.0, 611.0)
(datetime.datetime(2012, 4, 17, 0, 0), -760.0, -2437.0, -1.0, -411.0, 194.0, -1531.0, -2615.0, -2222.0, 1126.0, 3078.0, -23.0, 2234.0, -556.0, -223.0, -204.0, -537.0)
(datetime.datetime(2012, 4, 24, 0, 0), -10629.0, 4554.0, -6869.0, -3517.0, -155.0, -3974.0, -3352.0, 1323.0, 154.0, -3439.0, -608.0, -1382.0, -10956.0, -11511.0, 327.0, 882.0)
(datetime.datetime(2012, 5, 1, 0, 0), -13293.0, 5851.0, -19818.0, -2746.0, 36.0, 2236.0, -6995.0, 9662.0, -1564.0, -1316.0, 367.0, -4066.0, -8600.0, -13147.0, -4693.0, -146.0)
(datetime.datetime(2012, 5, 8, 0, 0), 17518.0, 21744.0, 433.0, -2835.0, 83.0, 4050.0, -7167.0, 4941.0, 1091.0, 1682.0, 2771.0, 971.0, 19536.0, 14340.0, -2018.0, 3178.0)
(datetime.datetime(2012, 5, 15, 0, 0), 5359.0, 15286.0, -10414.0, -2347.0, -211.0, 162.0, -13317.0, 8075.0, 1610.0, 5378.0, -1672.0, 1428.0, 8200.0, -1022.0, -2841.0, 6381.0)
(datetime.datetime(2012, 5, 22, 0, 0), 9353.0, 7220.0, -5568.0, -1495.0, -91.0, 187.0, -5344.0, 4978.0, 3404.0, 1387.0, 699.0, 5631.0, 10990.0, 9240.0, -1637.0, 113.0)
(datetime.datetime(2012, 5, 29, 0, 0), -115.0, 3265.0, -14335.0, -4000.0, 14.0, 1792.0, -3706.0, 3762.0, 360.0, -3649.0, 766.0, 4960.0, -978.0, -2681.0, 863.0, 2566.0)
(datetime.datetime(2012, 6, 5, 0, 0), -856.0, 1407.0, -9077.0, -624.0, 30.0, 2974.0, -1717.0, 3147.0, -2631.0, -3570.0, 1130.0, 2047.0, -2114.0, -2380.0, 1258.0, 1524.0)
(datetime.datetime(2012, 6, 12, 0, 0), -2788.0, -1960.0, -1870.0, -2524.0, -120.0, -4488.0, 5240.0, 3432.0, -2986.0, 4830.0, 4965.0, 1230.0, -658.0, 163.0, -2130.0, -2951.0)
(datetime.datetime(2012, 6, 19, 0, 0), -15488.0, -4965.0, -1518.0, -1566.0, 455.0, -1026.0, 2574.0, 536.0, -123.0, -1686.0, -1060.0, -10449.0, -17241.0, -13185.0, 1753.0, -2303.0)
(datetime.datetime(2012, 6, 26, 0, 0), -27287.0, -10300.0, -15420.0, 4216.0, -606.0, -4675.0, -5906.0, -12361.0, 236.0, -11195.0, 5308.0, -134.0, -27758.0, -27652.0, 471.0, 365.0)
(datetime.datetime(2012, 7, 3, 0, 0), -12370.0, -7641.0, 3161.0, 889.0, -12.0, -2836.0, 143.0, -5971.0, -1314.0, -1191.0, -1963.0, 682.0, -11268.0, -8253.0, -1102.0, -4117.0)
(datetime.datetime(2012, 7, 10, 0, 0), -4756.0, -10350.0, 6725.0, 1327.0, -130.0, 402.0, 2007.0, -13833.0, -1118.0, -1653.0, -444.0, 3972.0, -5413.0, -4426.0, 657.0, -330.0)
(datetime.datetime(2012, 7, 17, 0, 0), 5844.0, 3042.0, 8894.0, 903.0, 0.0, 1563.0, 2629.0, -2827.0, -2234.0, -2064.0, -1903.0, 2290.0, 6129.0, 5783.0, -285.0, 61.0)
(datetime.datetime(2012, 7, 24, 0, 0), -20277.0, 2109.0, 3333.0, 1161.0, 817.0, -2572.0, -4089.0, 1213.0, -1454.0, 4595.0, -2310.0, -15164.0, -15414.0, -16137.0, -4863.0, -4140.0)
(datetime.datetime(2012, 7, 31, 0, 0), 7543.0, 3410.0, 15503.0, -396.0, -586.0, -1029.0, 2941.0, -1704.0, 229.0, -3666.0, -11888.0, 6466.0, 7955.0, 6991.0, -412.0, 552.0)
(datetime.datetime(2012, 8, 7, 0, 0), 5149.0, 4654.0, -7228.0, 897.0, -306.0, 1049.0, 2705.0, 9905.0, -1103.0, -121.0, 1673.0, -4039.0, 4042.0, -49.0, 1107.0, 5198.0)
(datetime.datetime(2012, 8, 14, 0, 0), -50.0, -9544.0, 4361.0, -129.0, 0.0, -551.0, -637.0, -11420.0, 204.0, -95.0, 803.0, 8565.0, -2187.0, 1962.0, 2137.0, -2012.0)
(datetime.datetime(2012, 8, 21, 0, 0), -700.0, -9116.0, 3423.0, -763.0, 0.0, -560.0, 7384.0, -1339.0, -939.0, -1956.0, 897.0, 47.0, -5903.0, 1529.0, 5203.0, -2229.0)
(datetime.datetime(2012, 8, 28, 0, 0), 5476.0, -7815.0, 11461.0, 2713.0, 0.0, -2377.0, 10263.0, -6448.0, 2267.0, -277.0, 3412.0, -2301.0, 2473.0, 6014.0, 3003.0, -538.0)
(datetime.datetime(2012, 9, 4, 0, 0), 1672.0, -8278.0, 12768.0, 3741.0, 30.0, -37.0, 2966.0, -2902.0, -538.0, 3600.0, -709.0, -5337.0, -3883.0, 3275.0, 5555.0, -1603.0)
(datetime.datetime(2012, 9, 11, 0, 0), -13427.0, -3525.0, -6802.0, -963.0, 0.0, 977.0, 3332.0, -586.0, -1371.0, -2712.0, 1673.0, -6291.0, -10553.0, -12400.0, -2874.0, -1027.0)
(datetime.datetime(2012, 9, 18, 0, 0), -13902.0, -2655.0, -14905.0, -902.0, -109.0, 746.0, -7011.0, -3933.0, -969.0, -2667.0, 3736.0, -2076.0, -15534.0, -17510.0, 1632.0, 3608.0)
(datetime.datetime(2012, 9, 25, 0, 0), -17927.0, 266.0, -13920.0, 4605.0, 643.0, -3205.0, -10986.0, -1202.0, 579.0, -4545.0, -3448.0, 3242.0, -10044.0, -17311.0, -7883.0, -616.0)
(datetime.datetime(2012, 10, 2, 0, 0), 4104.0, 10265.0, -21274.0, -5141.0, 182.0, 639.0, -8349.0, 8842.0, 1847.0, -618.0, -86.0, 8377.0, 7020.0, -1473.0, -2916.0, 5577.0)
(datetime.datetime(2012, 10, 9, 0, 0), 19699.0, 6815.0, -1635.0, -2057.0, -653.0, -771.0, -817.0, 9073.0, 3760.0, 4076.0, -3739.0, 8453.0, 19459.0, 14488.0, 240.0, 5211.0)
(datetime.datetime(2012, 10, 16, 0, 0), 18964.0, 6767.0, -1337.0, 2827.0, -46.0, -436.0, -3877.0, 11911.0, 1875.0, 184.0, -3129.0, 10315.0, 17655.0, 19153.0, 1309.0, -189.0)
(datetime.datetime(2012, 10, 23, 0, 0), -5127.0, -785.0, -4599.0, -1010.0, -3.0, 1056.0, -1400.0, 3232.0, -691.0, -136.0, -1584.0, -1187.0, -4153.0, -3776.0, -974.0, -1351.0)
(datetime.datetime(2012, 10, 30, 0, 0), -2503.0, 1537.0, -3931.0, 651.0, 0.0, 2234.0, 4105.0, 9522.0, -1005.0, -2814.0, -858.0, -8447.0, -3739.0, -2485.0, 1236.0, -18.0)
(datetime.datetime(2012, 11, 6, 0, 0), 37247.0, 15791.0, 3545.0, 1053.0, -114.0, 152.0, -1157.0, 9975.0, 5701.0, 2701.0, 4281.0, 13120.0, 37361.0, 36660.0, -114.0, 587.0)
(datetime.datetime(2012, 11, 13, 0, 0), -201.0, -903.0, -8107.0, 1059.0, 0.0, -2325.0, -4036.0, 4858.0, 2504.0, 5665.0, -258.0, -610.0, 1354.0, -3938.0, -1555.0, 3737.0)
(datetime.datetime(2012, 11, 20, 0, 0), -19879.0, -1226.0, -4270.0, -4015.0, -504.0, 193.0, -3297.0, 3942.0, -101.0, 4961.0, 702.0, -17039.0, -20524.0, -17077.0, 645.0, -2802.0)
(datetime.datetime(2012, 11, 27, 0, 0), -25357.0, -10293.0, -5336.0, 337.0, 14.0, -2930.0, 4955.0, -2255.0, -6029.0, -4303.0, -2109.0, -8592.0, -26855.0, -27237.0, 1498.0, 1880.0)
(datetime.datetime(2012, 12, 4, 0, 0), -9534.0, -7967.0, -2891.0, 1715.0, -574.0, 178.0, 3907.0, -734.0, -1418.0, 283.0, 1441.0, -4238.0, -7540.0, -8236.0, -1994.0, -1298.0)
(datetime.datetime(2012, 12, 11, 0, 0), 986.0, -10901.0, 3387.0, 4973.0, 0.0, 376.0, 3866.0, -8879.0, 1056.0, -5641.0, -717.0, 6726.0, 455.0, 1949.0, 531.0, -963.0)
(datetime.datetime(2012, 12, 18, 0, 0), 7348.0, 6890.0, -391.0, -4584.0, -16.0, 955.0, -1204.0, 4409.0, -1530.0, 2778.0, 803.0, 5614.0, 8919.0, 9844.0, -1571.0, -2496.0)
(datetime.datetime(2012, 12, 24, 0, 0), -4119.0, 4301.0, -8223.0, -724.0, 60.0, -395.0, -3317.0, 10347.0, -2282.0, 2906.0, 690.0, -2692.0, -2203.0, -2495.0, -1916.0, -1624.0)
(datetime.datetime(2012, 12, 31, 0, 0), -8712.0, -6394.0, -1705.0, 724.0, -300.0, -382.0, -575.0, -1280.0, -544.0, 958.0, -1572.0, -2739.0, -8952.0, -8522.0, 240.0, -190.0)
(datetime.datetime(2013, 1, 8, 0, 0), -2295.0, 6324.0, 7215.0, -5951.0, 117.0, 1259.0, -224.0, -5466.0, -215.0, 3007.0, -545.0, -6217.0, -2017.0, -3852.0, -278.0, 1557.0)
(datetime.datetime(2013, 1, 15, 0, 0), 15599.0, -1326.0, 9888.0, 5014.0, -117.0, 953.0, -1044.0, -4924.0, 6741.0, -236.0, 1394.0, 1817.0, 11919.0, 15752.0, 3680.0, -153.0)
(datetime.datetime(2013, 1, 22, 0, 0), -1638.0, -8836.0, 6368.0, 532.0, 0.0, 767.0, 9285.0, -12147.0, -3630.0, -5088.0, 5063.0, 578.0, -6392.0, -3001.0, 4754.0, 1363.0)
(datetime.datetime(2013, 1, 29, 0, 0), 1504.0, 1515.0, 4206.0, -4032.0, 204.0, 2144.0, 4794.0, -3680.0, -20.0, -2884.0, 239.0, 355.0, 1872.0, 3448.0, -368.0, -1944.0)
(datetime.datetime(2013, 2, 5, 0, 0), 9518.0, -2126.0, 3899.0, -1872.0, -71.0, 1750.0, 5974.0, -2381.0, 1623.0, -1066.0, 2505.0, 2320.0, 6603.0, 9645.0, 2915.0, -127.0)
(datetime.datetime(2013, 2, 12, 0, 0), 8233.0, 13657.0, -2057.0, 176.0, -133.0, -86.0, -8632.0, 7929.0, 113.0, 4522.0, -2634.0, 494.0, 10244.0, 3626.0, -2011.0, 4607.0)
(datetime.datetime(2013, 2, 19, 0, 0), -9451.0, -5271.0, -2695.0, -2547.0, 200.0, 832.0, -1718.0, 1059.0, -1984.0, 1347.0, -706.0, -958.0, -10299.0, -4252.0, 848.0, -5199.0)
(datetime.datetime(2013, 2, 26, 0, 0), -6852.0, 20434.0, -10561.0, -2575.0, 461.0, -5936.0, -9152.0, 18827.0, 1358.0, 5118.0, -3137.0, -9678.0, -431.0, -8666.0, -6421.0, 1814.0)
(datetime.datetime(2013, 3, 5, 0, 0), 3575.0, 9788.0, -8688.0, -1302.0, 836.0, -676.0, -4713.0, 8933.0, 2239.0, 689.0, -365.0, -1256.0, 4769.0, 1023.0, -1194.0, 2552.0)
(datetime.datetime(2013, 3, 12, 0, 0), 1363.0, 538.0, 1618.0, -1005.0, 319.0, 556.0, 5058.0, 841.0, -2729.0, -2039.0, 944.0, 102.0, 481.0, 1651.0, 882.0, -288.0)
(datetime.datetime(2013, 3, 19, 0, 0), 12245.0, 5750.0, 5492.0, 3770.0, 461.0, 556.0, 2138.0, 706.0, 2465.0, -4088.0, -186.0, 3746.0, 14337.0, 13240.0, -2092.0, -995.0)
(datetime.datetime(2013, 3, 26, 0, 0), -1748.0, -13107.0, 5157.0, -571.0, -190.0, 707.0, 5748.0, -10874.0, 1679.0, -3113.0, 1799.0, 1054.0, -7603.0, -668.0, 5855.0, -1080.0)
(datetime.datetime(2013, 4, 2, 0, 0), 5442.0, 5519.0, -4235.0, -400.0, -164.0, 281.0, -1896.0, -501.0, 5983.0, 159.0, 2319.0, 77.0, 9723.0, 3760.0, -4281.0, 1682.0)
(datetime.datetime(2013, 4, 9, 0, 0), 22826.0, 15292.0, 4298.0, 296.0, 143.0, -1065.0, -876.0, 8631.0, 6819.0, 321.0, 2017.0, 1275.0, 22062.0, 22118.0, 764.0, 708.0)
(datetime.datetime(2013, 4, 16, 0, 0), -2337.0, 2684.0, -1694.0, 719.0, 766.0, 604.0, 730.0, -994.0, -7062.0, 1068.0, 3058.0, -340.0, -1597.0, -5662.0, -740.0, 3325.0)
(datetime.datetime(2013, 4, 23, 0, 0), -7608.0, -2032.0, -9316.0, -266.0, -824.0, -243.0, 1896.0, -5490.0, -6199.0, 716.0, 10239.0, -437.0, -6565.0, -12270.0, -1043.0, 4662.0)
(datetime.datetime(2013, 4, 30, 0, 0), -15262.0, -11095.0, 644.0, 825.0, -251.0, -2851.0, 5772.0, -1971.0, -2182.0, -4255.0, 296.0, -3427.0, -17213.0, -9742.0, 1951.0, -5520.0)
(datetime.datetime(2013, 5, 7, 0, 0), 5574.0, 1973.0, 3756.0, -706.0, -111.0, 358.0, 926.0, -2705.0, 1973.0, 164.0, 1531.0, 303.0, 4991.0, 5105.0, 583.0, 469.0)
(datetime.datetime(2013, 5, 14, 0, 0), -1551.0, -10500.0, 4639.0, -539.0, -512.0, 828.0, 2126.0, -6471.0, 1473.0, 2399.0, -1222.0, 2035.0, -2178.0, 770.0, 627.0, -2321.0)
(datetime.datetime(2013, 5, 21, 0, 0), 8936.0, 2016.0, 10562.0, 3028.0, -432.0, 1271.0, -1092.0, -2862.0, 2103.0, 236.0, -820.0, 339.0, 7901.0, 10161.0, 1035.0, -1225.0)
(datetime.datetime(2013, 5, 28, 0, 0), 7045.0, 668.0, 8423.0, 871.0, -199.0, 1973.0, 1739.0, -3400.0, 2851.0, -909.0, -1217.0, -1487.0, 5706.0, 6944.0, 1339.0, 101.0)
(datetime.datetime(2013, 6, 4, 0, 0), 11186.0, 12312.0, -5002.0, -1428.0, -43.0, 1855.0, -3900.0, 9432.0, 17.0, -263.0, -117.0, 2560.0, 11153.0, 8702.0, 33.0, 2484.0)
(datetime.datetime(2013, 6, 11, 0, 0), -2072.0, -404.0, -1807.0, -497.0, 514.0, -629.0, 2379.0, -726.0, -1170.0, 181.0, 66.0, -2483.0, -2623.0, -6235.0, 551.0, 4163.0)
(datetime.datetime(2013, 6, 18, 0, 0), -12082.0, -8166.0, -302.0, 1734.0, 396.0, -2054.0, 633.0, 5370.0, -4069.0, 841.0, -10338.0, 3613.0, -7468.0, -7384.0, -4614.0, -4698.0)
(datetime.datetime(2013, 6, 25, 0, 0), -15466.0, 2028.0, -4941.0, -2147.0, -369.0, -3342.0, -2130.0, 2701.0, -2953.0, -3627.0, -4963.0, -2092.0, -14263.0, -15959.0, -1203.0, 493.0)
(datetime.datetime(2013, 7, 2, 0, 0), -738.0, 1190.0, -4984.0, 1525.0, -150.0, -999.0, -2360.0, 4731.0, -515.0, -82.0, 262.0, -611.0, -1852.0, -2266.0, 1114.0, 1528.0)
(datetime.datetime(2013, 7, 9, 0, 0), -374.0, -239.0, 179.0, 591.0, 0.0, 782.0, 1388.0, 3106.0, -289.0, 448.0, -1365.0, -911.0, 1770.0, 1502.0, -2144.0, -1876.0)
(datetime.datetime(2013, 7, 16, 0, 0), 6184.0, -4496.0, 1225.0, 3117.0, 0.0, 185.0, -193.0, -3453.0, 3678.0, 3125.0, 2773.0, 716.0, 6132.0, 5124.0, 52.0, 1060.0)
(datetime.datetime(2013, 7, 23, 0, 0), 1158.0, -2850.0, -11249.0, 847.0, 160.0, 451.0, -5884.0, 3617.0, 2614.0, 2582.0, 975.0, 979.0, -1261.0, -2453.0, 2419.0, 3611.0)
(datetime.datetime(2013, 7, 30, 0, 0), -12309.0, -5514.0, -15039.0, -9507.0, -35.0, 410.0, 946.0, -923.0, 2689.0, -2073.0, -2873.0, 1574.0, -11475.0, -14197.0, -834.0, 1888.0)
(datetime.datetime(2013, 8, 6, 0, 0), -13048.0, -7294.0, -16597.0, -1052.0, 86.0, -697.0, 1028.0, 11869.0, -40.0, -2369.0, -1244.0, -3584.0, -14008.0, -10207.0, 960.0, -2841.0)
(datetime.datetime(2013, 8, 13, 0, 0), -3473.0, -3474.0, 5071.0, -2353.0, 221.0, -359.0, 371.0, -5973.0, 3022.0, -625.0, -2048.0, -1311.0, -4729.0, -1377.0, 1256.0, -2096.0)
(datetime.datetime(2013, 8, 20, 0, 0), -15580.0, -15493.0, -1301.0, 2144.0, -274.0, 123.0, 2515.0, -10678.0, -1193.0, -1438.0, -199.0, -1294.0, -14636.0, -14816.0, -944.0, -764.0)
(datetime.datetime(2013, 8, 27, 0, 0), -8232.0, -9096.0, 15483.0, -740.0, -466.0, -239.0, 17.0, -15838.0, -4916.0, -263.0, -4216.0, 3909.0, -11328.0, -6283.0, 3096.0, -1949.0)
(datetime.datetime(2013, 9, 3, 0, 0), -9557.0, -994.0, 733.0, -612.0, -297.0, 356.0, -170.0, -2901.0, 688.0, 779.0, -350.0, -3143.0, -3096.0, -4914.0, -6461.0, -4643.0)
(datetime.datetime(2013, 9, 10, 0, 0), 2533.0, 4354.0, -2001.0, -2005.0, 189.0, -31.0, -1408.0, 311.0, -4030.0, 2971.0, 2389.0, 1651.0, 1502.0, -1522.0, 1031.0, 4055.0)
(datetime.datetime(2013, 9, 17, 0, 0), 4604.0, 5432.0, -5627.0, 109.0, 616.0, -754.0, -2571.0, 2660.0, -1713.0, 48.0, 5283.0, 3156.0, 3707.0, 3621.0, 897.0, 983.0)
(datetime.datetime(2013, 9, 24, 0, 0), 5816.0, -2149.0, -1973.0, 459.0, -534.0, -1411.0, 1392.0, 3208.0, 1693.0, 1395.0, -877.0, 5030.0, 6409.0, 5136.0, -593.0, 680.0)
(datetime.datetime(2013, 10, 1, 0, 0), 8335.0, -3164.0, -2806.0, -334.0, -517.0, 1468.0, -1397.0, 141.0, 697.0, 2082.0, 1599.0, 6339.0, 5691.0, 6921.0, 2644.0, 1414.0)
(datetime.datetime(2013, 10, 8, 0, 0), -2544.0, -1847.0, -1553.0, 1768.0, 232.0, -952.0, -505.0, -332.0, -1997.0, -4735.0, -4383.0, 3802.0, -4466.0, -5183.0, 1922.0, 2639.0)
(datetime.datetime(2013, 10, 15, 0, 0), 2860.0, 2988.0, 4558.0, -131.0, 418.0, 924.0, -3750.0, -2924.0, 3618.0, -281.0, -3033.0, 736.0, 4104.0, 4297.0, -1244.0, -1437.0)
(datetime.datetime(2013, 10, 22, 0, 0), 16520.0, 3417.0, 16636.0, 762.0, 1284.0, 181.0, 3786.0, -3369.0, -278.0, 3985.0, -2819.0, 5268.0, 17121.0, 16903.0, -601.0, -383.0)
(datetime.datetime(2013, 10, 29, 0, 0), 3661.0, 4933.0, 8501.0, 2261.0, 182.0, -1378.0, 1356.0, -790.0, -474.0, -1192.0, -1106.0, -1253.0, 4253.0, 3682.0, -592.0, -21.0)
(datetime.datetime(2013, 11, 5, 0, 0), 2686.0, 2830.0, 8167.0, -2342.0, 410.0, 1117.0, -2711.0, -1873.0, -211.0, 6965.0, 816.0, -4367.0, 1281.0, 4059.0, 1405.0, -1373.0)
(datetime.datetime(2013, 11, 12, 0, 0), 5495.0, 7437.0, 3983.0, -693.0, -59.0, 172.0, 926.0, 4312.0, -5971.0, -1085.0, -151.0, 942.0, 1728.0, 3228.0, 3767.0, 2267.0)
(datetime.datetime(2013, 11, 19, 0, 0), 2518.0, 14809.0, -1465.0, -2399.0, 278.0, -29.0, -2137.0, 7509.0, -1941.0, 1279.0, 2413.0, -6865.0, 2717.0, -100.0, -199.0, 2618.0)
(datetime.datetime(2013, 11, 26, 0, 0), 38.0, 7846.0, 9115.0, 182.0, -354.0, -1067.0, -1425.0, -5124.0, 1413.0, -1670.0, 1986.0, -3483.0, 1796.0, 2486.0, -1758.0, -2448.0)
(datetime.datetime(2013, 12, 3, 0, 0), 6915.0, 5627.0, -6623.0, -956.0, -523.0, -18.0, -1157.0, 8385.0, 733.0, 2887.0, 4653.0, -76.0, 7040.0, 6531.0, -125.0, 384.0)
(datetime.datetime(2013, 12, 10, 0, 0), 5022.0, 3323.0, -1629.0, -2068.0, -246.0, 4040.0, -2530.0, 3024.0, 1820.0, 1589.0, 789.0, -2634.0, 3540.0, 5164.0, 1482.0, -142.0)
(datetime.datetime(2013, 12, 17, 0, 0), 2296.0, -570.0, -6089.0, -3918.0, 13.0, -284.0, 1171.0, 1276.0, -1366.0, 2873.0, 1416.0, 4584.0, 2490.0, -450.0, -194.0, 2746.0)
(datetime.datetime(2013, 12, 24, 0, 0), -9222.0, -3207.0, -2261.0, -66.0, 1271.0, -688.0, -108.0, 1887.0, -1835.0, 408.0, -562.0, -2346.0, -7842.0, -4534.0, -1380.0, -4688.0)
(datetime.datetime(2013, 12, 31, 0, 0), -1989.0, 3934.0, -2843.0, -1904.0, 442.0, -312.0, 90.0, 1781.0, 167.0, -494.0, 1346.0, -1332.0, 149.0, -751.0, -2138.0, -1238.0)
(datetime.datetime(2014, 1, 7, 0, 0), 6385.0, 2538.0, -5348.0, -758.0, 304.0, 1086.0, 551.0, 3556.0, 1419.0, 866.0, 710.0, 245.0, 5947.0, 1972.0, 438.0, 4413.0)
(datetime.datetime(2014, 1, 14, 0, 0), 17007.0, 4514.0, -342.0, 9448.0, 77.0, -277.0, 6242.0, 17211.0, -1437.0, -971.0, 3085.0, -1636.0, 15883.0, 16681.0, 1124.0, 326.0)
(datetime.datetime(2014, 1, 21, 0, 0), 12307.0, 3959.0, 2989.0, -715.0, 817.0, -565.0, 846.0, 4337.0, 1633.0, 4936.0, 1933.0, 762.0, 10856.0, 11906.0, 1451.0, 401.0)
(datetime.datetime(2014, 1, 28, 0, 0), 453.0, 4311.0, 5675.0, -2480.0, 1085.0, 187.0, -2821.0, -4155.0, -600.0, 3719.0, 1586.0, 653.0, 2969.0, 4431.0, -2516.0, -3978.0)
(datetime.datetime(2014, 2, 4, 0, 0), -6560.0, -5209.0, 3029.0, -2036.0, -202.0, 596.0, -2833.0, -7038.0, 3015.0, 702.0, -1859.0, -1408.0, -7173.0, -3867.0, 613.0, -2693.0)
(datetime.datetime(2014, 2, 11, 0, 0), -22070.0, -24137.0, -9727.0, 1512.0, -498.0, 3347.0, -2562.0, -12865.0, 741.0, -443.0, -1576.0, -1932.0, -23474.0, -22510.0, 1404.0, 440.0)
(datetime.datetime(2014, 2, 18, 0, 0), -974.0, -14527.0, 7936.0, -26.0, -492.0, 986.0, 4095.0, -10285.0, 135.0, 4784.0, -2238.0, 5330.0, 777.0, 1372.0, -1751.0, -2346.0)
(datetime.datetime(2014, 2, 25, 0, 0), -42033.0, -7144.0, 1553.0, -5243.0, 108.0, -3724.0, 1842.0, -12572.0, -8950.0, -7540.0, -5700.0, -9392.0, -40151.0, -38677.0, -1882.0, -3356.0)
(datetime.datetime(2014, 3, 4, 0, 0), -2496.0, -5318.0, 12222.0, 3555.0, -208.0, 215.0, 5369.0, -7637.0, -6001.0, 1870.0, 1636.0, 368.0, 58.0, 595.0, -2554.0, -3091.0)
(datetime.datetime(2014, 3, 11, 0, 0), 789.0, -14400.0, 22563.0, 1310.0, -888.0, -1049.0, 12760.0, -16022.0, 2150.0, -3406.0, -481.0, -1366.0, -4001.0, 4907.0, 4790.0, -4118.0)
(datetime.datetime(2014, 3, 18, 0, 0), -602.0, -3611.0, -2067.0, 794.0, -290.0, 651.0, 6596.0, -2098.0, 2820.0, -5731.0, 1880.0, -1245.0, 274.0, -349.0, -876.0, -253.0)
(datetime.datetime(2014, 3, 25, 0, 0), 121.0, 9880.0, -5559.0, -638.0, -1227.0, -170.0, -4363.0, 5609.0, -763.0, -3796.0, 657.0, 820.0, 970.0, -633.0, -849.0, 754.0)
(datetime.datetime(2014, 4, 1, 0, 0), 15491.0, 8829.0, 5852.0, -503.0, -388.0, 724.0, -4644.0, 5466.0, 3924.0, 4582.0, -605.0, 476.0, 13388.0, 15449.0, 2103.0, 42.0)
(datetime.datetime(2014, 4, 8, 0, 0), 12425.0, 8422.0, 12547.0, -98.0, -745.0, 327.0, -2036.0, -1789.0, 2679.0, 2720.0, -2950.0, 729.0, 12743.0, 10798.0, -318.0, 1627.0)
(datetime.datetime(2014, 4, 15, 0, 0), 9281.0, -689.0, 11182.0, -389.0, 568.0, 634.0, 5204.0, -8694.0, 3015.0, -763.0, 1640.0, 956.0, 7968.0, 9301.0, 1313.0, -20.0)
(datetime.datetime(2014, 4, 22, 0, 0), -13829.0, -6115.0, -8208.0, -1053.0, -45.0, -2908.0, 826.0, -4475.0, -977.0, -2796.0, 2472.0, 436.0, -12587.0, -13705.0, -1242.0, -124.0)
(datetime.datetime(2014, 4, 29, 0, 0), -18259.0, -7856.0, -7259.0, 512.0, -261.0, -2176.0, 2322.0, -2249.0, -3970.0, -4199.0, -480.0, -1374.0, -16741.0, -17769.0, -1518.0, -490.0)
(datetime.datetime(2014, 5, 6, 0, 0), 7537.0, 4137.0, -4891.0, 1027.0, -169.0, -199.0, -3004.0, 7872.0, 83.0, 6194.0, 532.0, 247.0, 8485.0, 3475.0, -948.0, 4062.0)
(datetime.datetime(2014, 5, 13, 0, 0), -4567.0, -6213.0, -6934.0, 2826.0, -250.0, -1356.0, 1637.0, 7193.0, -1448.0, 269.0, -764.0, 532.0, -3753.0, -3027.0, -814.0, -1540.0)
(datetime.datetime(2014, 5, 20, 0, 0), 4072.0, 7004.0, -7730.0, 1183.0, -340.0, 624.0, -3705.0, 12880.0, -2269.0, 2506.0, -107.0, -631.0, 4712.0, 2427.0, -640.0, 1645.0)
(datetime.datetime(2014, 5, 27, 0, 0), 1414.0, 1107.0, -1817.0, -702.0, -21.0, -32.0, 602.0, 1309.0, -959.0, -448.0, -1500.0, 2793.0, 2361.0, -227.0, -947.0, 1641.0)
(datetime.datetime(2014, 6, 3, 0, 0), 18520.0, 12486.0, -8442.0, -3965.0, 329.0, 3029.0, -926.0, 13607.0, 2368.0, 4671.0, 2701.0, 427.0, 18090.0, 14019.0, 430.0, 4501.0)
(datetime.datetime(2014, 6, 10, 0, 0), 9778.0, 7012.0, 8736.0, 1880.0, -473.0, 459.0, -2508.0, 2065.0, -1143.0, 2640.0, 2134.0, -3630.0, 4710.0, 8148.0, 5068.0, 1630.0)
(datetime.datetime(2014, 6, 17, 0, 0), -3651.0, -4124.0, 3755.0, 1628.0, -139.0, -2549.0, 2864.0, -2609.0, 1062.0, -1762.0, -614.0, 1570.0, -1311.0, 476.0, -2340.0, -4127.0)
(datetime.datetime(2014, 6, 24, 0, 0), -19091.0, -13880.0, 6605.0, 2155.0, 0.0, -1359.0, 3222.0, -14257.0, -2961.0, -5308.0, -2474.0, -333.0, -18464.0, -14779.0, -627.0, -4312.0)
(datetime.datetime(2014, 7, 1, 0, 0), -10493.0, -2188.0, -1903.0, -1488.0, 500.0, -557.0, 4316.0, -6920.0, -3515.0, -2879.0, -362.0, -1755.0, -8066.0, -14512.0, -2427.0, 4019.0)
(datetime.datetime(2014, 7, 8, 0, 0), 3084.0, 4754.0, -8558.0, -890.0, 4.0, 321.0, -1842.0, 5436.0, 1001.0, -1161.0, 2956.0, 1421.0, 3604.0, 2581.0, -520.0, 503.0)
(datetime.datetime(2014, 7, 15, 0, 0), 12962.0, 2508.0, 2415.0, 3612.0, -288.0, -324.0, -3129.0, 4494.0, 2794.0, 5876.0, 2103.0, 99.0, 11436.0, 11293.0, 1526.0, 1669.0)
(datetime.datetime(2014, 7, 22, 0, 0), 8520.0, -3892.0, -1656.0, 1701.0, 223.0, 248.0, -1670.0, 6824.0, 848.0, 5795.0, -907.0, 2276.0, 5306.0, 7856.0, 3214.0, 664.0)
(datetime.datetime(2014, 7, 29, 0, 0), -4438.0, -1246.0, -1841.0, -1648.0, -3.0, 89.0, 1335.0, 1338.0, -807.0, 1294.0, -31.0, -2614.0, -3597.0, -3869.0, -841.0, -569.0)
(datetime.datetime(2014, 8, 5, 0, 0), -4825.0, -4736.0, -2248.0, 32.0, 527.0, -104.0, 1265.0, -2374.0, 368.0, -2366.0, -3610.0, -437.0, -5978.0, -7878.0, 1153.0, 3053.0)
(datetime.datetime(2014, 8, 12, 0, 0), 14433.0, 447.0, 1775.0, 2075.0, -275.0, 294.0, -2166.0, 9034.0, 2997.0, 6831.0, -1978.0, 4960.0, 15438.0, 16807.0, -1005.0, -2374.0)
(datetime.datetime(2014, 8, 19, 0, 0), 18962.0, 7164.0, 5447.0, -1700.0, 388.0, 167.0, 245.0, 410.0, 1711.0, 509.0, 2069.0, 10308.0, 18404.0, 20500.0, 558.0, -1538.0)
(datetime.datetime(2014, 8, 26, 0, 0), -838.0, 3573.0, 3951.0, -3729.0, 183.0, 1779.0, -2731.0, -1475.0, -1405.0, 4658.0, -2266.0, -4357.0, -2212.0, -3590.0, 1374.0, 2752.0)
(datetime.datetime(2014, 9, 2, 0, 0), 1127.0, -12.0, 833.0, -1482.0, 70.0, 775.0, 2314.0, 4100.0, -727.0, 1731.0, 1006.0, -1940.0, 659.0, 4117.0, 468.0, -2990.0)
(datetime.datetime(2014, 9, 9, 0, 0), 12020.0, 3262.0, 3800.0, 189.0, -240.0, 1249.0, -571.0, 2656.0, 2672.0, 1706.0, -50.0, 3190.0, 11697.0, 13277.0, 323.0, -1257.0)
(datetime.datetime(2014, 9, 16, 0, 0), -2540.0, -7813.0, -1280.0, -199.0, -339.0, 225.0, 2168.0, -4980.0, 1062.0, -2800.0, -1341.0, 5132.0, -2225.0, -1521.0, -315.0, -1019.0)
(datetime.datetime(2014, 9, 23, 0, 0), 16214.0, -983.0, 11837.0, 80.0, 18.0, 3182.0, 1220.0, -6554.0, 7151.0, 6172.0, 671.0, -1116.0, 15706.0, 15189.0, 508.0, 1025.0)
(datetime.datetime(2014, 9, 30, 0, 0), -7543.0, -7702.0, -5274.0, -1845.0, 512.0, 4017.0, -1942.0, -1023.0, 308.0, -455.0, -3479.0, 279.0, -7340.0, -4660.0, -203.0, -2883.0)
(datetime.datetime(2014, 10, 7, 0, 0), 1784.0, -1096.0, 10542.0, 215.0, -346.0, 1971.0, -723.0, -10434.0, 2323.0, -392.0, 939.0, -3401.0, -1103.0, 1594.0, 2887.0, 190.0)
(datetime.datetime(2014, 10, 14, 0, 0), 13305.0, 5184.0, 3128.0, 1169.0, -351.0, -315.0, 1236.0, 1190.0, -1319.0, 1513.0, -65.0, 11292.0, 18760.0, 13560.0, -5455.0, -255.0)
(datetime.datetime(2014, 10, 21, 0, 0), 3128.0, -541.0, -7197.0, -421.0, -40.0, 679.0, 2386.0, 3372.0, -3008.0, 242.0, -623.0, 4009.0, 3346.0, -2808.0, -218.0, 5936.0)
(datetime.datetime(2014, 10, 28, 0, 0), 666.0, -1127.0, 16551.0, -170.0, 110.0, 770.0, 312.0, -9321.0, 2691.0, 660.0, -2372.0, -2511.0, 625.0, 5918.0, 41.0, -5252.0)
(datetime.datetime(2014, 11, 4, 0, 0), 12740.0, 5676.0, 21588.0, -1493.0, -87.0, 3061.0, 2099.0, -9187.0, 308.0, 4981.0, -84.0, -4497.0, 10135.0, 11102.0, 2605.0, 1638.0)
(datetime.datetime(2014, 11, 11, 0, 0), -10120.0, 8342.0, -3315.0, -178.0, -116.0, -4901.0, -3784.0, 9566.0, -3703.0, -46.0, -1232.0, -5502.0, -9772.0, -9203.0, -348.0, -917.0)
(datetime.datetime(2014, 11, 18, 0, 0), 1500.0, -635.0, -4372.0, -975.0, -220.0, -3133.0, 658.0, 2908.0, 4556.0, -718.0, -861.0, 3076.0, 2829.0, 1954.0, -1329.0, -454.0)
(datetime.datetime(2014, 11, 25, 0, 0), -22824.0, -6190.0, -2745.0, 401.0, -230.0, -1551.0, 5135.0, -8117.0, -4162.0, -12370.0, 1369.0, -6798.0, -25535.0, -22234.0, 2711.0, -590.0)
(datetime.datetime(2014, 12, 2, 0, 0), 1162.0, 11737.0, -15324.0, -217.0, 340.0, -1147.0, -2743.0, 6518.0, 2155.0, -3901.0, 5016.0, 662.0, 6546.0, -1780.0, -5384.0, 2942.0)
(datetime.datetime(2014, 12, 9, 0, 0), -6220.0, -5354.0, -3669.0, -647.0, 93.0, -1851.0, -919.0, -1292.0, -1492.0, -936.0, -2187.0, 6519.0, -4680.0, -3879.0, -1540.0, -2341.0)
(datetime.datetime(2014, 12, 16, 0, 0), -6859.0, 547.0, 2266.0, 106.0, -143.0, -1170.0, -134.0, -6263.0, 1267.0, -7443.0, -755.0, -1799.0, -8626.0, -6597.0, 1767.0, -262.0)
(datetime.datetime(2014, 12, 23, 0, 0), -10937.0, -6212.0, -2493.0, -2352.0, -290.0, 1333.0, -84.0, -2312.0, -3273.0, 262.0, -1639.0, -831.0, -11157.0, -9505.0, 220.0, -1432.0)
(datetime.datetime(2014, 12, 30, 0, 0), 3982.0, -3520.0, 8097.0, -2034.0, 1509.0, 3969.0, 7613.0, -7417.0, -2289.0, -523.0, 3066.0, -463.0, 2753.0, 6472.0, 1229.0, -2490.0)
(datetime.datetime(2015, 1, 6, 0, 0), 112.0, -967.0, 1072.0, -2.0, -412.0, 1572.0, 1824.0, -1855.0, 1354.0, -189.0, 3.0, -586.0, 3006.0, 1148.0, -2894.0, -1036.0)
(datetime.datetime(2015, 1, 13, 0, 0), -489.0, 1463.0, 12609.0, -4499.0, 132.0, -3663.0, 4253.0, -7006.0, -1365.0, -1668.0, -3698.0, 2157.0, -3322.0, -834.0, 2833.0, 345.0)
(datetime.datetime(2015, 1, 20, 0, 0), 4143.0, 1215.0, 7579.0, 2239.0, 312.0, -2941.0, 1476.0, -1528.0, 738.0, 1363.0, 1754.0, -842.0, 3248.0, 5072.0, 895.0, -929.0)
(datetime.datetime(2015, 1, 27, 0, 0), 24166.0, 17206.0, -14627.0, 1314.0, 298.0, -246.0, -10518.0, 18255.0, 6618.0, 5371.0, 2466.0, 4792.0, 24537.0, 17556.0, -371.0, 6610.0)
(datetime.datetime(2015, 2, 3, 0, 0), 20049.0, 15503.0, -22812.0, -1308.0, -461.0, 1088.0, -10593.0, 14946.0, 10212.0, -4577.0, 5964.0, 11493.0, 21818.0, 20430.0, -1769.0, -381.0)
(datetime.datetime(2015, 2, 10, 0, 0), -18361.0, -5657.0, 1532.0, 2107.0, -526.0, -1106.0, -3347.0, -13943.0, -1946.0, -2042.0, 1760.0, -5234.0, -17225.0, -19463.0, -1136.0, 1102.0)
(datetime.datetime(2015, 2, 17, 0, 0), -129.0, -4302.0, 15827.0, 121.0, 32.0, 1091.0, 8644.0, -12136.0, 1043.0, -3109.0, 1146.0, -4190.0, -702.0, 2813.0, 573.0, -2942.0)
(datetime.datetime(2015, 2, 24, 0, 0), -23885.0, -16208.0, -16227.0, 1118.0, 251.0, 1777.0, -2413.0, 2430.0, -3849.0, 1844.0, -3412.0, -4099.0, -21830.0, -23129.0, -2055.0, -756.0)
(datetime.datetime(2015, 3, 3, 0, 0), -11628.0, -16199.0, 13523.0, -347.0, -316.0, 834.0, 12664.0, -5697.0, -5748.0, 3130.0, -2453.0, -5719.0, -11385.0, -5576.0, -243.0, -6052.0)
(datetime.datetime(2015, 3, 10, 0, 0), 5292.0, 6690.0, -17485.0, 2300.0, -159.0, -1178.0, -6763.0, 15324.0, -1437.0, 3911.0, 3736.0, 1864.0, 5387.0, 665.0, -95.0, 4627.0)
(datetime.datetime(2015, 3, 17, 0, 0), 12253.0, 9358.0, -6374.0, 1428.0, 298.0, -1084.0, -6080.0, 9889.0, 5993.0, 2852.0, 1522.0, -64.0, 12403.0, 10180.0, -150.0, 2073.0)
(datetime.datetime(2015, 3, 24, 0, 0), 4262.0, 2143.0, 7197.0, 1894.0, -304.0, -19.0, -1854.0, -1619.0, 1492.0, -1646.0, -2424.0, 1560.0, 3570.0, 5883.0, 692.0, -1621.0)
(datetime.datetime(2015, 3, 31, 0, 0), 8800.0, 5546.0, -2810.0, 597.0, -92.0, 735.0, 1741.0, 8557.0, -4081.0, 2210.0, 958.0, 1443.0, 8191.0, 4710.0, 609.0, 4090.0)
(datetime.datetime(2015, 4, 7, 0, 0), -8917.0, -7803.0, 3144.0, 220.0, -132.0, 641.0, 2698.0, -6071.0, -809.0, -1579.0, 978.0, -3573.0, -10205.0, -5822.0, 1288.0, -3095.0)
(datetime.datetime(2015, 4, 14, 0, 0), 2962.0, -3430.0, 6961.0, -1796.0, 230.0, 680.0, 2917.0, -7035.0, -764.0, -1515.0, -1425.0, 5396.0, 1488.0, 4043.0, 1474.0, -1081.0)
(datetime.datetime(2015, 4, 21, 0, 0), 10456.0, -3629.0, 9369.0, -794.0, -180.0, 331.0, -2464.0, -6277.0, 2199.0, 5256.0, -2000.0, 6059.0, 6958.0, 9501.0, 3498.0, 955.0)
(datetime.datetime(2015, 4, 28, 0, 0), -3644.0, 3829.0, -5834.0, 1114.0, 0.0, 5485.0, 2989.0, 6933.0, -1763.0, -4504.0, 1496.0, -10127.0, -2977.0, -3810.0, -667.0, 166.0)
(datetime.datetime(2015, 5, 5, 0, 0), -1177.0, -15267.0, 15836.0, 773.0, -180.0, 2287.0, 9308.0, -10464.0, -1478.0, 1762.0, -311.0, -4187.0, -6802.0, 1503.0, 5625.0, -2680.0)
(datetime.datetime(2015, 5, 12, 0, 0), 10067.0, -1401.0, 10017.0, 5344.0, 70.0, -3715.0, -1099.0, -4889.0, 3559.0, 4175.0, 2512.0, 2705.0, 9568.0, 10259.0, 499.0, -192.0)
(datetime.datetime(2015, 5, 19, 0, 0), 5145.0, -2847.0, -3770.0, 3181.0, 290.0, -2072.0, -7767.0, 5334.0, 5057.0, 10758.0, -6445.0, 6011.0, 12321.0, 4405.0, -7176.0, 740.0)
(datetime.datetime(2015, 5, 26, 0, 0), 2189.0, 4514.0, -2113.0, 4636.0, 40.0, -1990.0, 2368.0, 1143.0, -2731.0, -7359.0, 3155.0, 2583.0, 2021.0, 87.0, 168.0, 2102.0)
(datetime.datetime(2015, 6, 2, 0, 0), 8284.0, -2490.0, 34872.0, 1428.0, -72.0, 262.0, 9815.0, -20361.0, -2986.0, -4236.0, 326.0, -1346.0, 447.0, 10695.0, 7837.0, -2411.0)
(datetime.datetime(2015, 6, 9, 0, 0), 13435.0, -40.0, 11242.0, -3531.0, -228.0, -141.0, 4568.0, -2338.0, -587.0, 9801.0, 337.0, 2088.0, 12158.0, 10373.0, 1277.0, 3062.0)
(datetime.datetime(2015, 6, 16, 0, 0), -6037.0, 8698.0, -21250.0, 4368.0, 1575.0, -1111.0, -9052.0, 15652.0, 80.0, -4963.0, 2305.0, 1560.0, -420.0, -1189.0, -5617.0, -4848.0)
(datetime.datetime(2015, 6, 23, 0, 0), -15567.0, 4679.0, -10784.0, 2105.0, -1435.0, -5520.0, -15271.0, 5560.0, 653.0, -2107.0, -6092.0, 482.0, -14979.0, -17136.0, -588.0, 1569.0)
(datetime.datetime(2015, 6, 30, 0, 0), -20382.0, -9662.0, -808.0, -5013.0, 109.0, 536.0, 3689.0, -6707.0, -1869.0, 2328.0, -446.0, -7946.0, -17937.0, -17131.0, -2445.0, -3251.0)
(datetime.datetime(2015, 7, 7, 0, 0), -15221.0, 9161.0, -16413.0, -959.0, -59.0, 144.0, -4901.0, 5965.0, -2529.0, -4303.0, 417.0, -7049.0, -10436.0, -19524.0, -4785.0, 4303.0)
(datetime.datetime(2015, 7, 14, 0, 0), 10701.0, 3349.0, 11295.0, -3630.0, 330.0, 389.0, 1117.0, -7908.0, 490.0, -2378.0, -3890.0, 11063.0, 10400.0, 11769.0, 301.0, -1068.0)
(datetime.datetime(2015, 7, 21, 0, 0), -615.0, 439.0, -9251.0, -512.0, -145.0, 215.0, -3408.0, 6216.0, -607.0, 2205.0, 5213.0, -182.0, -1850.0, 1459.0, 1235.0, -2074.0)
(datetime.datetime(2015, 7, 28, 0, 0), 645.0, 13833.0, -15218.0, 731.0, 110.0, -467.0, -5301.0, 14302.0, -1217.0, -120.0, 1544.0, -5112.0, 2347.0, -6058.0, -1702.0, 6703.0)
(datetime.datetime(2015, 8, 4, 0, 0), 2534.0, 4521.0, -10491.0, -3065.0, 314.0, 1479.0, 476.0, 11447.0, -1550.0, 2024.0, -593.0, 1123.0, 5008.0, 1729.0, -2474.0, 805.0)
(datetime.datetime(2015, 8, 11, 0, 0), 724.0, -425.0, -473.0, -1269.0, 308.0, -1179.0, 3066.0, -1315.0, -285.0, 621.0, 2250.0, 1940.0, 2469.0, 1246.0, -1745.0, -522.0)
(datetime.datetime(2015, 8, 18, 0, 0), 8893.0, 3006.0, -1722.0, 2579.0, -90.0, -771.0, 5010.0, 8402.0, 495.0, -1642.0, 4865.0, -825.0, 7852.0, 10354.0, 1041.0, -1461.0)
(datetime.datetime(2015, 8, 25, 0, 0), 19500.0, 9002.0, 9638.0, 185.0, -296.0, 1495.0, 562.0, -1782.0, 3195.0, -6067.0, -4563.0, 10326.0, 18698.0, 18013.0, 802.0, 1487.0)
(datetime.datetime(2015, 9, 1, 0, 0), -9998.0, -8558.0, -13579.0, -1093.0, 17.0, 2182.0, 5773.0, 4106.0, -2779.0, -7619.0, -1499.0, 1343.0, -10751.0, -10209.0, 753.0, 211.0)
(datetime.datetime(2015, 9, 8, 0, 0), 12650.0, 1402.0, 7567.0, 562.0, -158.0, -183.0, -3590.0, 322.0, 5246.0, 5598.0, 222.0, 443.0, 9478.0, 13459.0, 3172.0, -809.0)
(datetime.datetime(2015, 9, 15, 0, 0), 6031.0, 5476.0, -1018.0, -443.0, -570.0, 245.0, -184.0, 6775.0, -1332.0, 2602.0, 923.0, 939.0, 7303.0, 5962.0, -1272.0, 69.0)
(datetime.datetime(2015, 9, 22, 0, 0), 8487.0, 4126.0, 2452.0, -772.0, -100.0, 1052.0, -35.0, 1389.0, 856.0, 809.0, 627.0, 698.0, 6734.0, 6974.0, 1753.0, 1513.0)
(datetime.datetime(2015, 9, 29, 0, 0), -18231.0, -11514.0, 5775.0, 2972.0, 650.0, -1477.0, -4758.0, -18352.0, 290.0, -2534.0, -433.0, -1230.0, -18251.0, -14777.0, 20.0, -3454.0)
(datetime.datetime(2015, 10, 6, 0, 0), 320.0, -3934.0, 16868.0, 1330.0, -56.0, 1966.0, 3360.0, -12780.0, 4290.0, 218.0, -702.0, -8061.0, -831.0, 1525.0, 1151.0, -1205.0)
(datetime.datetime(2015, 10, 13, 0, 0), 12794.0, 5742.0, 12695.0, -844.0, 39.0, 3189.0, 129.0, -4726.0, 1731.0, -1117.0, -2582.0, 2439.0, 11269.0, 12785.0, 1525.0, 9.0)
(datetime.datetime(2015, 10, 20, 0, 0), 3755.0, -2067.0, 482.0, -512.0, 401.0, -643.0, 5581.0, -1549.0, 2193.0, -1167.0, 498.0, 2117.0, 5502.0, 3499.0, -1747.0, 256.0)
(datetime.datetime(2015, 10, 27, 0, 0), 6733.0, -4754.0, -5996.0, -219.0, 138.0, 1066.0, -3682.0, -294.0, 1784.0, 4557.0, 1399.0, 9086.0, 7838.0, 7183.0, -1105.0, -450.0)
(datetime.datetime(2015, 11, 3, 0, 0), 16026.0, 9919.0, 4413.0, 11.0, -376.0, 2231.0, -4856.0, 2025.0, 1066.0, -793.0, -1640.0, 6659.0, 14237.0, 14378.0, 1789.0, 1648.0)
(datetime.datetime(2015, 11, 10, 0, 0), 11225.0, 9128.0, -4352.0, -785.0, -309.0, -3193.0, 151.0, 13026.0, 3391.0, 5181.0, 539.0, -3933.0, 9940.0, 5169.0, 1285.0, 6056.0)
(datetime.datetime(2015, 11, 17, 0, 0), -2177.0, 30.0, -21.0, -351.0, 395.0, -1496.0, 2760.0, 148.0, 957.0, 1403.0, 3274.0, -3908.0, -605.0, -651.0, -1572.0, -1526.0)
