(datetime.datetime(2006, 6, 20, 0, 0), -5900.0, 6674.0, 1710.0, 2990.0, 483.0, -379.0, -2968.0, 2555.0, 314.0, -3887.0, -567.0, -7570.0, -4826.0, -3454.0, -1074.0, -2446.0)
(datetime.datetime(2006, 6, 27, 0, 0), -22860.0, 6332.0, -16847.0, -2509.0, 555.0, 518.0, -3152.0, 16193.0, -2823.0, -6232.0, -3334.0, -5134.0, -13000.0, -10872.0, -9860.0, -11988.0)
(datetime.datetime(2006, 7, 3, 0, 0), -20055.0, -22608.0, -1795.0, 222.0, -726.0, 319.0, 2866.0, -19260.0, -4297.0, 2860.0, 2583.0, 2454.0, -18184.0, -20722.0, -1871.0, 667.0)
(datetime.datetime(2006, 7, 11, 0, 0), 8508.0, 1971.0, 17924.0, 1198.0, -730.0, -84.0, 8312.0, -4035.0, -2828.0, -2104.0, 2261.0, 357.0, 6822.0, 12865.0, 1686.0, -4357.0)
(datetime.datetime(2006, 7, 18, 0, 0), -7499.0, 4822.0, 540.0, -562.0, 554.0, -234.0, -2548.0, -4575.0, 494.0, -2320.0, 3093.0, -6649.0, -6997.0, -6777.0, -502.0, -722.0)
(datetime.datetime(2006, 7, 25, 0, 0), -2731.0, -1758.0, -8311.0, 2091.0, 494.0, 53.0, 1753.0, 8181.0, 742.0, -2790.0, 1475.0, -5142.0, -5051.0, -2508.0, 2320.0, -223.0)
(datetime.datetime(2006, 8, 1, 0, 0), 13097.0, 2245.0, -10054.0, 4618.0, 441.0, 1407.0, 2436.0, 18692.0, 3200.0, 605.0, 1873.0, -1254.0, 13257.0, 14305.0, -160.0, -1208.0)
(datetime.datetime(2006, 8, 8, 0, 0), -2089.0, -229.0, -5328.0, -2486.0, -825.0, -371.0, 2001.0, 8121.0, -1095.0, 1893.0, 1480.0, -3796.0, -4083.0, -1814.0, 1994.0, -275.0)
(datetime.datetime(2006, 8, 15, 0, 0), 2968.0, 8417.0, 1500.0, -1945.0, 992.0, -1232.0, -1214.0, 3277.0, 4206.0, -1312.0, -2717.0, -1166.0, 5754.0, 4860.0, -2786.0, -1892.0)
(datetime.datetime(2006, 8, 22, 0, 0), 10981.0, 2476.0, 8428.0, 1432.0, -320.0, -311.0, 1260.0, 816.0, 2381.0, -1415.0, -3872.0, 3720.0, 9543.0, 10842.0, 1438.0, 139.0)
(datetime.datetime(2006, 8, 29, 0, 0), 6101.0, 3202.0, 2989.0, 1007.0, 201.0, -274.0, -1854.0, 893.0, -1928.0, 3034.0, -1362.0, 3684.0, 6871.0, 4203.0, -770.0, 1898.0)
(datetime.datetime(2006, 9, 5, 0, 0), -2386.0, -1831.0, -3219.0, 2871.0, 1069.0, -72.0, 2705.0, 704.0, -2236.0, 1166.0, 3575.0, -4285.0, -1682.0, -4464.0, -704.0, 2078.0)
(datetime.datetime(2006, 9, 12, 0, 0), -2291.0, 3437.0, 1458.0, 527.0, 58.0, 106.0, 257.0, 4456.0, -1535.0, -60.0, -952.0, -4419.0, -1687.0, -828.0, -604.0, -1463.0)
(datetime.datetime(2006, 9, 19, 0, 0), 4321.0, -368.0, 1035.0, -355.0, 194.0, 474.0, -1739.0, 18.0, 965.0, 457.0, -2492.0, 4161.0, 3595.0, 4355.0, 726.0, -34.0)
(datetime.datetime(2006, 9, 26, 0, 0), 6602.0, 4276.0, 3709.0, 136.0, -645.0, 2870.0, -3376.0, -2475.0, 26.0, 228.0, 82.0, 1962.0, 6122.0, 5529.0, 480.0, 1073.0)
(datetime.datetime(2006, 10, 3, 0, 0), 12458.0, 4203.0, 7200.0, 834.0, 1006.0, 227.0, -3807.0, -899.0, 1147.0, 3861.0, -3705.0, 6041.0, 12506.0, 11017.0, -48.0, 1441.0)
(datetime.datetime(2006, 10, 10, 0, 0), -567.0, 17.0, 27473.0, -630.0, -2622.0, 124.0, 3785.0, -16612.0, -617.0, 320.0, 88.0, -8860.0, -5861.0, -1026.0, 5294.0, 459.0)
(datetime.datetime(2006, 10, 17, 0, 0), 17709.0, -3480.0, 22218.0, -3038.0, -2222.0, -195.0, 6624.0, -16598.0, -275.0, 4360.0, -1212.0, 14561.0, 18557.0, 16277.0, -848.0, 1432.0)
(datetime.datetime(2006, 10, 24, 0, 0), -11553.0, -4195.0, 13991.0, 678.0, -1679.0, -131.0, -105.0, -18936.0, -666.0, 1761.0, 837.0, -5040.0, -7698.0, -11624.0, -3855.0, 71.0)
(datetime.datetime(2006, 10, 31, 0, 0), -8972.0, 4495.0, -1017.0, 1820.0, -1443.0, 112.0, 6344.0, -4095.0, -2022.0, -18936.0, -472.0, 1627.0, -6560.0, -7310.0, -2412.0, -1662.0)
(datetime.datetime(2006, 11, 7, 0, 0), 9427.0, -8355.0, 9551.0, 2754.0, -70.0, 542.0, 7680.0, -2013.0, 1715.0, 1972.0, 523.0, -276.0, 6032.0, 9972.0, 3395.0, -545.0)
(datetime.datetime(2006, 11, 14, 0, 0), 8875.0, 7130.0, 6309.0, -720.0, -66.0, -140.0, 5730.0, 2153.0, 433.0, 3649.0, 1132.0, -6300.0, 9782.0, 3521.0, -907.0, 5354.0)
(datetime.datetime(2006, 11, 21, 0, 0), -116.0, 2634.0, -4552.0, 880.0, -22.0, -309.0, -2583.0, 1356.0, 1734.0, 1238.0, 1397.0, 291.0, 3885.0, -105.0, -4001.0, -11.0)
(datetime.datetime(2006, 11, 28, 0, 0), 16583.0, -6974.0, 10976.0, 1283.0, -216.0, -193.0, 3506.0, -415.0, 2464.0, 6380.0, -2063.0, 6452.0, 12918.0, 17005.0, 3665.0, -422.0)
(datetime.datetime(2006, 12, 5, 0, 0), 7663.0, 3014.0, 5622.0, 247.0, -90.0, 302.0, -6136.0, -219.0, 230.0, 2400.0, -3645.0, 2356.0, 2413.0, 4556.0, 5250.0, 3107.0)
(datetime.datetime(2006, 12, 12, 0, 0), 6899.0, -13009.0, -4270.0, 1360.0, 163.0, 951.0, 6239.0, -1262.0, -786.0, 1621.0, 2601.0, 13231.0, 9607.0, 10628.0, -2708.0, -3729.0)
(datetime.datetime(2006, 12, 19, 0, 0), -1390.0, 8778.0, 7776.0, 452.0, -75.0, 21.0, -5293.0, 304.0, 4808.0, 1979.0, -3018.0, -9523.0, 1222.0, 293.0, -2612.0, -1683.0)
(datetime.datetime(2006, 12, 26, 0, 0), -25846.0, -10262.0, -8801.0, -844.0, 254.0, -123.0, -174.0, -4264.0, -3591.0, -4475.0, -819.0, -3864.0, -23333.0, -21208.0, -2513.0, -4638.0)
(datetime.datetime(2007, 1, 3, 0, 0), 587.0, -14703.0, 6665.0, 2604.0, -254.0, -379.0, 7619.0, 1814.0, 940.0, 7178.0, -3557.0, -3621.0, -362.0, 1608.0, 949.0, -1021.0)
(datetime.datetime(2007, 1, 9, 0, 0), -6485.0, -680.0, -7038.0, 728.0, 211.0, -612.0, -464.0, 242.0, 1275.0, -1676.0, 2764.0, -3764.0, -5193.0, -6922.0, -1292.0, 437.0)
(datetime.datetime(2007, 1, 16, 0, 0), 24415.0, 1571.0, 12224.0, 575.0, -6.0, 1427.0, 6841.0, 1903.0, -105.0, 3357.0, 1698.0, 680.0, 14346.0, 17821.0, 10069.0, 6594.0)
(datetime.datetime(2007, 1, 23, 0, 0), 14179.0, -5223.0, 13608.0, 4385.0, -425.0, -272.0, 15361.0, 1452.0, -1364.0, -1016.0, -2342.0, 2048.0, 13919.0, 12705.0, 260.0, 1474.0)
(datetime.datetime(2007, 1, 30, 0, 0), 11383.0, 1173.0, 7337.0, -107.0, -720.0, 656.0, 662.0, -3925.0, 2129.0, -1343.0, -829.0, 5027.0, 8197.0, 9675.0, 3186.0, 1708.0)
(datetime.datetime(2007, 2, 6, 0, 0), 19527.0, 578.0, 17304.0, 3780.0, 0.0, -156.0, 8643.0, -2383.0, 1644.0, 6605.0, 1982.0, -3692.0, 17402.0, 14699.0, 2125.0, 4828.0)
(datetime.datetime(2007, 2, 13, 0, 0), 14273.0, 2275.0, -2180.0, 509.0, 250.0, -474.0, 402.0, 1166.0, 3658.0, 2086.0, 5848.0, 2203.0, 10659.0, 10471.0, 3614.0, 3802.0)
(datetime.datetime(2007, 2, 20, 0, 0), 20988.0, 7301.0, 13875.0, 2763.0, 100.0, 551.0, 3680.0, 2866.0, 589.0, -1296.0, -1875.0, 7660.0, 21248.0, 23766.0, -260.0, -2778.0)
(datetime.datetime(2007, 2, 27, 0, 0), -8327.0, -2860.0, 4557.0, -1880.0, 0.0, -605.0, -1178.0, -8585.0, -227.0, 1086.0, 1667.0, 87.0, -5577.0, -3106.0, -2750.0, -5221.0)
(datetime.datetime(2007, 3, 6, 0, 0), -23597.0, 10194.0, -13907.0, -3054.0, 150.0, 143.0, -23514.0, 4957.0, 3914.0, 668.0, -3541.0, -16748.0, -28397.0, -25032.0, 4800.0, 1435.0)
(datetime.datetime(2007, 3, 13, 0, 0), -2336.0, -2158.0, 6377.0, 46.0, 459.0, -266.0, 3191.0, -6653.0, -2041.0, -299.0, 600.0, -1614.0, -3141.0, -3138.0, 805.0, 802.0)
(datetime.datetime(2007, 3, 20, 0, 0), 11569.0, 4823.0, 5525.0, -1725.0, 744.0, -800.0, 2088.0, 193.0, 529.0, 2772.0, -198.0, 3773.0, 11460.0, 9766.0, 109.0, 1803.0)
(datetime.datetime(2007, 3, 27, 0, 0), 6273.0, 8959.0, 9170.0, -1759.0, 589.0, -684.0, 2470.0, 773.0, -967.0, 1491.0, 8.0, -547.0, 8963.0, 8342.0, -2690.0, -2069.0)
(datetime.datetime(2007, 4, 3, 0, 0), 9356.0, 4093.0, 10438.0, 4278.0, -130.0, -1885.0, 1808.0, 761.0, 2687.0, 733.0, -488.0, 924.0, 12638.0, 12307.0, -3282.0, -2951.0)
(datetime.datetime(2007, 4, 10, 0, 0), -6268.0, 3152.0, -13807.0, -1098.0, -34.0, -39.0, -10743.0, 2611.0, -1067.0, 3869.0, 1752.0, 2679.0, -3247.0, -7905.0, -3021.0, 1637.0)
(datetime.datetime(2007, 4, 17, 0, 0), -478.0, 4328.0, -9850.0, -1109.0, 167.0, 1268.0, -7774.0, -1383.0, 357.0, -3885.0, 185.0, 12430.0, 5615.0, 3174.0, -6093.0, -3652.0)
(datetime.datetime(2007, 4, 24, 0, 0), -37987.0, -4115.0, -32266.0, -2168.0, 0.0, -216.0, -13649.0, 6261.0, -4906.0, -8174.0, -5506.0, -1138.0, -34366.0, -37771.0, -3621.0, -216.0)
(datetime.datetime(2007, 5, 1, 0, 0), -15650.0, -10820.0, 808.0, 1389.0, 216.0, -973.0, 7378.0, -1960.0, -2408.0, 3778.0, -216.0, -8608.0, -10264.0, -13141.0, -5386.0, -2509.0)
(datetime.datetime(2007, 5, 8, 0, 0), -696.0, -3470.0, -1946.0, 780.0, 92.0, 371.0, -1142.0, 718.0, 3189.0, 2194.0, -152.0, -4689.0, -2767.0, -2417.0, 2071.0, 1721.0)
(datetime.datetime(2007, 5, 15, 0, 0), 26212.0, 1383.0, 30120.0, 1313.0, -278.0, 412.0, 18022.0, -4076.0, -3227.0, 1713.0, 1079.0, 3773.0, 23389.0, 27803.0, 2823.0, -1591.0)
(datetime.datetime(2007, 5, 22, 0, 0), 31396.0, -1606.0, 25572.0, 6649.0, 213.0, 72.0, 26288.0, 3488.0, 253.0, -2278.0, 623.0, 2968.0, 32346.0, 33189.0, -950.0, -1793.0)
(datetime.datetime(2007, 5, 29, 0, 0), 27158.0, 4073.0, 13513.0, 1800.0, 330.0, 625.0, 9437.0, 4617.0, -855.0, 5598.0, 4872.0, 1547.0, 22225.0, 24649.0, 4933.0, 2509.0)
(datetime.datetime(2007, 6, 5, 0, 0), 38056.0, -719.0, 23519.0, 3574.0, 109.0, 325.0, 10946.0, 76.0, 3526.0, 7868.0, -229.0, 6475.0, 31995.0, 33801.0, 6061.0, 4255.0)
(datetime.datetime(2007, 6, 12, 0, 0), 4102.0, -3204.0, -3912.0, -2384.0, 331.0, -428.0, -776.0, 2857.0, 889.0, -1068.0, -850.0, 8062.0, 1091.0, 6949.0, 3011.0, -2847.0)
(datetime.datetime(2007, 6, 19, 0, 0), 8667.0, 1127.0, 160.0, -128.0, -38.0, 887.0, -1104.0, -382.0, 108.0, 3457.0, -585.0, 6229.0, 10576.0, 6379.0, -1909.0, 2288.0)
(datetime.datetime(2007, 6, 26, 0, 0), -26399.0, 2948.0, -11898.0, 49.0, 25.0, -343.0, -14407.0, -9927.0, -3580.0, -12278.0, 1069.0, 7319.0, -20292.0, -17335.0, -6107.0, -9064.0)
(datetime.datetime(2007, 7, 3, 0, 0), -5070.0, -1601.0, 1719.0, 1977.0, -161.0, 819.0, 1567.0, 2497.0, -522.0, 4577.0, 761.0, -15576.0, -8759.0, -10463.0, 3689.0, 5393.0)
(datetime.datetime(2007, 7, 10, 0, 0), 10651.0, -1248.0, 13626.0, 2260.0, -377.0, 706.0, 9852.0, 368.0, 435.0, 3608.0, 1692.0, -3852.0, 11761.0, 12598.0, -1110.0, -1947.0)
(datetime.datetime(2007, 7, 17, 0, 0), 11084.0, 7751.0, 8354.0, 5041.0, -1382.0, 1673.0, -7738.0, -138.0, 1427.0, 2563.0, -853.0, -1854.0, 8863.0, 7227.0, 2221.0, 3857.0)
(datetime.datetime(2007, 7, 24, 0, 0), -25714.0, 4655.0, -17490.0, -1674.0, -133.0, 331.0, -14261.0, 122.0, -3114.0, 155.0, 1939.0, -5103.0, -19011.0, -23448.0, -6703.0, -2266.0)
(datetime.datetime(2007, 7, 31, 0, 0), -19746.0, -3646.0, -13316.0, -961.0, -152.0, -305.0, -4707.0, 4756.0, -2425.0, -6618.0, -1618.0, -2469.0, -21131.0, -15529.0, 1385.0, -4217.0)
(datetime.datetime(2007, 8, 7, 0, 0), -11309.0, 3128.0, 166.0, -1211.0, 350.0, 2183.0, -1397.0, -3343.0, -2665.0, -2699.0, -363.0, -7797.0, -10458.0, -11469.0, -851.0, 160.0)
(datetime.datetime(2007, 8, 14, 0, 0), 4710.0, -234.0, 2635.0, -3215.0, 195.0, -297.0, 6086.0, 2345.0, -660.0, 1189.0, -858.0, 2496.0, 5365.0, 5856.0, -655.0, -1146.0)
(datetime.datetime(2007, 8, 21, 0, 0), -14629.0, 3953.0, -19872.0, -831.0, 239.0, -1807.0, -23147.0, 1405.0, 5700.0, 7152.0, -3942.0, -2855.0, -11835.0, -21132.0, -2794.0, 6503.0)
(datetime.datetime(2007, 8, 28, 0, 0), 1985.0, -439.0, 4172.0, -159.0, -280.0, 204.0, 4343.0, -3429.0, -2723.0, -3580.0, -840.0, 4707.0, 2353.0, 1811.0, -368.0, 174.0)
(datetime.datetime(2007, 9, 4, 0, 0), 5429.0, -3757.0, 4607.0, 5058.0, 60.0, 502.0, 5828.0, 557.0, 2124.0, -402.0, 3422.0, -4093.0, 5260.0, 7179.0, 169.0, -1750.0)
(datetime.datetime(2007, 9, 11, 0, 0), 6666.0, 4040.0, 6892.0, 3889.0, 31.0, 364.0, 5730.0, 847.0, 613.0, -2807.0, 1501.0, -3396.0, 8433.0, 6852.0, -1767.0, -186.0)
(datetime.datetime(2007, 9, 18, 0, 0), 26251.0, 8965.0, 13303.0, 357.0, 98.0, 2095.0, 8697.0, 4877.0, -2865.0, 106.0, -643.0, 3201.0, 20556.0, 20066.0, 5695.0, 6185.0)
(datetime.datetime(2007, 9, 25, 0, 0), 25555.0, 2451.0, 17462.0, 2632.0, -71.0, -1124.0, 4062.0, -3318.0, 5295.0, 5552.0, -2882.0, 6877.0, 25745.0, 22239.0, -190.0, 3316.0)
(datetime.datetime(2007, 10, 2, 0, 0), 17256.0, -1154.0, -2587.0, -520.0, -148.0, 1043.0, 6057.0, 1334.0, 1657.0, -685.0, -405.0, 15314.0, 21712.0, 16208.0, -4456.0, 1048.0)
(datetime.datetime(2007, 10, 9, 0, 0), -287.0, 4326.0, 3384.0, -1713.0, 133.0, -492.0, -2519.0, -3325.0, 312.0, 1680.0, -624.0, -9208.0, -7614.0, -9820.0, 7327.0, 9533.0)
(datetime.datetime(2007, 10, 16, 0, 0), 7176.0, 1315.0, 6588.0, 6529.0, -295.0, -1461.0, -2821.0, 270.0, -4190.0, 1865.0, 2289.0, 2418.0, 3655.0, 5619.0, 3521.0, 1557.0)
(datetime.datetime(2007, 10, 23, 0, 0), 8122.0, 8734.0, 11190.0, 2557.0, 60.0, -595.0, 1336.0, 657.0, -2079.0, -523.0, 1891.0, 3865.0, 13295.0, 14989.0, -5173.0, -6867.0)
(datetime.datetime(2007, 10, 30, 0, 0), -10532.0, -3516.0, 13777.0, 5873.0, 1333.0, -4907.0, 10680.0, -19481.0, 176.0, -19339.0, 575.0, 2267.0, -8766.0, -6260.0, -1766.0, -4272.0)
(datetime.datetime(2007, 11, 6, 0, 0), -1645.0, -5323.0, 7209.0, 1745.0, 53.0, 280.0, 10913.0, -896.0, 58.0, -1466.0, 764.0, -11723.0, -5516.0, -4255.0, 3871.0, 2610.0)
(datetime.datetime(2007, 11, 13, 0, 0), 14036.0, 11491.0, 13616.0, 1576.0, -115.0, 638.0, -412.0, 212.0, -1602.0, 3341.0, -685.0, -3281.0, 11751.0, 8783.0, 2285.0, 5253.0)
(datetime.datetime(2007, 11, 20, 0, 0), 15342.0, -3746.0, 613.0, 5706.0, 14.0, -270.0, 3960.0, -1651.0, 3053.0, 6067.0, 7859.0, 4562.0, 19332.0, 14180.0, -3990.0, 1162.0)
(datetime.datetime(2007, 11, 27, 0, 0), -11307.0, -16236.0, -22193.0, 730.0, -128.0, 975.0, -8663.0, 3073.0, 2099.0, 186.0, 1263.0, 2765.0, -18144.0, -12146.0, 6837.0, 839.0)
(datetime.datetime(2007, 12, 4, 0, 0), -2910.0, -12503.0, -10351.0, 1384.0, -63.0, -450.0, 3420.0, -1500.0, -2152.0, -1527.0, -105.0, 7631.0, -4197.0, -6990.0, 1287.0, 4080.0)
(datetime.datetime(2007, 12, 11, 0, 0), -4509.0, -9181.0, 2537.0, -778.0, 123.0, -227.0, 1642.0, 995.0, -5017.0, 3931.0, -7109.0, -6963.0, -16593.0, -15661.0, 12084.0, 11152.0)
(datetime.datetime(2007, 12, 18, 0, 0), 2304.0, 3427.0, -2648.0, 1201.0, -43.0, -835.0, -3110.0, 6238.0, -928.0, 2512.0, 3320.0, 5019.0, 7286.0, 10123.0, -4982.0, -7819.0)
(datetime.datetime(2007, 12, 24, 0, 0), -11757.0, -5083.0, 5254.0, 1474.0, -186.0, -329.0, -6290.0, -9320.0, 881.0, 2837.0, 1233.0, -3017.0, -9527.0, -5484.0, -2230.0, -6273.0)
(datetime.datetime(2007, 12, 31, 0, 0), -19526.0, -4945.0, -6885.0, -1588.0, -601.0, -1.0, -1731.0, 2312.0, -845.0, 498.0, -2404.0, -4103.0, -12715.0, -12527.0, -6811.0, -6999.0)
(datetime.datetime(2008, 1, 8, 0, 0), 7437.0, 4120.0, 6596.0, 1798.0, -25.0, 583.0, -362.0, 2121.0, 3236.0, 3640.0, 4629.0, -10109.0, 2906.0, 7031.0, 4531.0, 406.0)
(datetime.datetime(2008, 1, 15, 0, 0), 5793.0, 11175.0, 248.0, -13160.0, 23.0, 811.0, 3113.0, 3940.0, -591.0, 3791.0, 74.0, -4058.0, 1081.0, 447.0, 4712.0, 5346.0)
(datetime.datetime(2008, 1, 22, 0, 0), -4487.0, -5320.0, -12004.0, 3480.0, 107.0, 1284.0, -4882.0, -2487.0, 1100.0, -907.0, -399.0, 4412.0, -833.0, -7987.0, -3654.0, 3500.0)
(datetime.datetime(2008, 1, 29, 0, 0), 6033.0, 3664.0, 3452.0, 837.0, 376.0, 1000.0, -4215.0, -3668.0, 3872.0, 3764.0, 358.0, 2144.0, 11066.0, 7534.0, -5033.0, -1501.0)
(datetime.datetime(2008, 2, 5, 0, 0), 25869.0, -10744.0, 6678.0, 8346.0, 108.0, -679.0, 4165.0, 3255.0, 7117.0, 7377.0, 2083.0, 913.0, 16495.0, 19475.0, 9374.0, 6394.0)
(datetime.datetime(2008, 2, 12, 0, 0), 361.0, -938.0, 968.0, 5448.0, 194.0, -749.0, -238.0, 6096.0, 3360.0, 3122.0, -1381.0, -4143.0, 5862.0, 4345.0, -5501.0, -3984.0)
(datetime.datetime(2008, 2, 19, 0, 0), 19601.0, 5261.0, 13348.0, 3948.0, 419.0, 932.0, 3763.0, 4454.0, 1377.0, 823.0, -252.0, 627.0, 16731.0, 20905.0, 2870.0, -1304.0)
(datetime.datetime(2008, 2, 26, 0, 0), -21605.0, -4556.0, -3263.0, 3912.0, -1026.0, -1957.0, -9081.0, -2114.0, -12732.0, -2645.0, -2123.0, 7601.0, -19458.0, -15614.0, -2147.0, -5991.0)
(datetime.datetime(2008, 3, 4, 0, 0), -26463.0, 4013.0, -12835.0, -151.0, -41.0, -599.0, -9520.0, 1356.0, 2987.0, -4674.0, 2726.0, -18605.0, -26549.0, -25011.0, 86.0, -1452.0)
(datetime.datetime(2008, 3, 11, 0, 0), -15950.0, 14841.0, -12978.0, -16199.0, 333.0, 801.0, -1163.0, -81.0, 2052.0, -8798.0, 1305.0, -2470.0, -10936.0, -11038.0, -5014.0, -4912.0)
(datetime.datetime(2008, 3, 18, 0, 0), -12432.0, 16469.0, 4833.0, -11799.0, 231.0, 1342.0, 7006.0, -185.0, -761.0, -6373.0, 821.0, 2884.0, 8768.0, 9165.0, -21200.0, -21597.0)
(datetime.datetime(2008, 3, 25, 0, 0), -12154.0, -5142.0, -19256.0, -5423.0, 1322.0, -408.0, -4911.0, 2991.0, 2667.0, 3693.0, -3175.0, 2315.0, -7209.0, -13544.0, -4945.0, 1390.0)
(datetime.datetime(2008, 4, 1, 0, 0), -14865.0, -19068.0, -35568.0, -6178.0, -1114.0, -961.0, -8022.0, 447.0, -672.0, -2084.0, -557.0, 3501.0, -33484.0, -34924.0, 18619.0, 20059.0)
(datetime.datetime(2008, 4, 8, 0, 0), -15394.0, -5126.0, -1202.0, -10227.0, -838.0, 368.0, -3304.0, -7809.0, -156.0, 3744.0, -3110.0, -721.0, -15422.0, -13468.0, 28.0, -1926.0)
(datetime.datetime(2008, 4, 15, 0, 0), 20835.0, 2364.0, 11580.0, 6927.0, 74.0, 1290.0, 1649.0, -2849.0, 2913.0, -281.0, 543.0, 4821.0, 19683.0, 18372.0, 1152.0, 2463.0)
(datetime.datetime(2008, 4, 22, 0, 0), 6813.0, 2311.0, 9941.0, 1274.0, -139.0, 8.0, 9342.0, 573.0, -1451.0, -2198.0, 29.0, 1126.0, 10412.0, 10087.0, -3599.0, -3274.0)
(datetime.datetime(2008, 4, 29, 0, 0), -48220.0, -13662.0, -28566.0, 798.0, -1801.0, -1584.0, -2830.0, 3971.0, -578.0, -11311.0, -289.0, -13614.0, -42781.0, -42461.0, -5439.0, -5759.0)
(datetime.datetime(2008, 5, 6, 0, 0), -18697.0, -2450.0, -3179.0, -1744.0, 27.0, -1495.0, -781.0, -3774.0, -6822.0, -2843.0, 812.0, -3443.0, -19578.0, -17874.0, 881.0, -823.0)
(datetime.datetime(2008, 5, 13, 0, 0), -1493.0, -5389.0, -2007.0, 2475.0, 6207.0, 695.0, 1551.0, 145.0, 1403.0, -3211.0, -6139.0, -2445.0, -4921.0, -2141.0, 3428.0, 648.0)
(datetime.datetime(2008, 5, 20, 0, 0), -870.0, -1351.0, -4715.0, -5118.0, -31.0, 587.0, 2977.0, 1243.0, -127.0, 1343.0, -1497.0, 4800.0, 3111.0, 260.0, -3981.0, -1130.0)
(datetime.datetime(2008, 5, 27, 0, 0), 4379.0, 1008.0, -2907.0, -2246.0, -54.0, -485.0, -2129.0, 42.0, 2705.0, 612.0, 476.0, 2688.0, 2153.0, 2465.0, 2226.0, 1914.0)
(datetime.datetime(2008, 6, 3, 0, 0), 11052.0, 233.0, 3403.0, -161.0, 224.0, 1096.0, 2272.0, -1320.0, 4.0, 4002.0, 918.0, 5954.0, 13400.0, 10279.0, -2348.0, 773.0)
(datetime.datetime(2008, 6, 10, 0, 0), 18602.0, -3334.0, 11778.0, 426.0, 467.0, -1152.0, 11080.0, 3374.0, -895.0, 1212.0, 3717.0, 3442.0, 10779.0, 20731.0, 7823.0, -2129.0)
(datetime.datetime(2008, 6, 17, 0, 0), 13593.0, -45.0, -2557.0, 134.0, 2370.0, 2206.0, -2360.0, 35.0, 5610.0, 6443.0, 2945.0, 809.0, 12797.0, 11418.0, 796.0, 2175.0)
(datetime.datetime(2008, 6, 24, 0, 0), -26991.0, 5276.0, -3998.0, -3236.0, -2540.0, 1306.0, -2898.0, -6055.0, -4277.0, -17609.0, -6784.0, -3542.0, -24980.0, -25890.0, -2011.0, -1101.0)
(datetime.datetime(2008, 7, 1, 0, 0), 3176.0, -7758.0, 3261.0, -936.0, -570.0, -1543.0, 4438.0, 423.0, 2001.0, 3326.0, 2937.0, 1245.0, 773.0, 7754.0, 2403.0, -4578.0)
(datetime.datetime(2008, 7, 8, 0, 0), -6908.0, 4122.0, -5580.0, 1892.0, 10.0, -2212.0, -8948.0, -1820.0, -4208.0, 1215.0, 2231.0, 905.0, -7234.0, -10674.0, 326.0, 3766.0)
(datetime.datetime(2008, 7, 15, 0, 0), -13132.0, -1998.0, -9245.0, -6642.0, 88.0, 177.0, 5054.0, 2416.0, -4999.0, -1493.0, 1608.0, -3862.0, -13763.0, -13817.0, 631.0, 685.0)
(datetime.datetime(2008, 7, 22, 0, 0), -28133.0, 2745.0, -25844.0, -11333.0, 1527.0, 593.0, -10705.0, 346.0, 537.0, -691.0, -69.0, 1626.0, -17228.0, -21284.0, -10905.0, -6849.0)
(datetime.datetime(2008, 7, 29, 0, 0), -32699.0, -6418.0, -21508.0, -1848.0, -1480.0, -465.0, -15162.0, -1711.0, -4743.0, -3110.0, 902.0, -2631.0, -34377.0, -31636.0, 1678.0, -1063.0)
(datetime.datetime(2008, 8, 5, 0, 0), -5081.0, 1563.0, -5601.0, 522.0, 93.0, -629.0, 1715.0, -250.0, -1342.0, -1021.0, 2172.0, -816.0, -8.0, -6373.0, -5073.0, 1292.0)
(datetime.datetime(2008, 8, 12, 0, 0), -919.0, 4562.0, -9825.0, -5754.0, 398.0, 1050.0, -8568.0, 4993.0, 6001.0, 4011.0, -1012.0, -1143.0, 159.0, 462.0, -1078.0, -1381.0)
(datetime.datetime(2008, 8, 19, 0, 0), -2028.0, 1813.0, -2316.0, -3509.0, -203.0, 337.0, -3739.0, 1247.0, -809.0, 3454.0, 1550.0, 64.0, -2389.0, -130.0, 361.0, -1898.0)
(datetime.datetime(2008, 8, 26, 0, 0), -7983.0, -5680.0, -10001.0, 675.0, 199.0, 493.0, 838.0, -1066.0, -2314.0, -9251.0, 581.0, 2999.0, -12240.0, -9109.0, 4257.0, 1126.0)
(datetime.datetime(2008, 9, 2, 0, 0), -11700.0, -3348.0, -131.0, 260.0, -2814.0, -505.0, -1869.0, -1978.0, -797.0, -183.0, -2216.0, -3405.0, -9847.0, -11846.0, -1853.0, 146.0)
(datetime.datetime(2008, 9, 9, 0, 0), 5698.0, 8165.0, -10933.0, -2656.0, 108.0, 2984.0, -6457.0, 9060.0, 1201.0, -24.0, -1411.0, 4368.0, 7581.0, 5377.0, -1883.0, 321.0)
(datetime.datetime(2008, 9, 16, 0, 0), -2086.0, -12.0, 542.0, 3786.0, 1383.0, -153.0, -9335.0, -525.0, 2044.0, 1280.0, -4321.0, -2534.0, -4924.0, -3564.0, 2838.0, 1478.0)
(datetime.datetime(2008, 9, 23, 0, 0), -19234.0, -1339.0, 16.0, -3658.0, -2334.0, -3968.0, 1706.0, -2985.0, -2213.0, -2090.0, -249.0, -5466.0, -17028.0, -17199.0, -2206.0, -2035.0)
(datetime.datetime(2008, 9, 30, 0, 0), 1949.0, 4403.0, -6399.0, -5236.0, -336.0, 157.0, -6653.0, 2500.0, 2700.0, 1356.0, -3169.0, 4874.0, 1601.0, 327.0, 348.0, 1622.0)
(datetime.datetime(2008, 10, 7, 0, 0), 1239.0, 9431.0, -3681.0, -10690.0, 2444.0, 1453.0, -826.0, -300.0, 1449.0, -626.0, -2951.0, 1080.0, 1271.0, -506.0, -32.0, 1745.0)
(datetime.datetime(2008, 10, 14, 0, 0), 8862.0, 13067.0, 4790.0, -4893.0, -2089.0, 2728.0, -8141.0, 2052.0, -1838.0, -1852.0, -1635.0, 9272.0, 8343.0, 13280.0, 519.0, -4418.0)
(datetime.datetime(2008, 10, 21, 0, 0), -6391.0, 18793.0, 7925.0, -1415.0, -2299.0, 3082.0, -5188.0, -3730.0, -1638.0, -8602.0, 6334.0, -7670.0, -2638.0, 2004.0, -3753.0, -8395.0)
(datetime.datetime(2008, 10, 28, 0, 0), -38798.0, -15983.0, -19118.0, -1443.0, -332.0, -4530.0, 921.0, -5208.0, -2562.0, -13308.0, -4033.0, -6593.0, -43498.0, -42376.0, 4700.0, 3578.0)
(datetime.datetime(2008, 11, 4, 0, 0), -13621.0, -16966.0, -3569.0, 351.0, -217.0, -795.0, 4005.0, -2084.0, 295.0, 1100.0, -852.0, 2051.0, -9959.0, -5171.0, -3662.0, -8450.0)
(datetime.datetime(2008, 11, 11, 0, 0), 8412.0, 1275.0, -6684.0, -560.0, -116.0, 488.0, -873.0, 4268.0, 5263.0, -523.0, -70.0, 951.0, 6021.0, 4100.0, 2391.0, 4312.0)
(datetime.datetime(2008, 11, 18, 0, 0), -4987.0, -2824.0, -2447.0, -2590.0, -10.0, 1229.0, -637.0, -1219.0, 907.0, 395.0, -366.0, 203.0, -3317.0, -1703.0, -1670.0, -3284.0)
(datetime.datetime(2008, 11, 25, 0, 0), 3784.0, 3797.0, 1481.0, -3327.0, 1269.0, 1367.0, 4170.0, 1812.0, -5259.0, -909.0, -336.0, -380.0, -541.0, -46.0, 4325.0, 3830.0)
(datetime.datetime(2008, 12, 2, 0, 0), 720.0, -1081.0, -5246.0, 707.0, 216.0, -820.0, -2541.0, 4629.0, 1576.0, 1914.0, -218.0, 2450.0, 2205.0, 2587.0, -1485.0, -1867.0)
(datetime.datetime(2008, 12, 9, 0, 0), -322.0, 5779.0, 1960.0, -2351.0, -840.0, 1616.0, 1086.0, -89.0, -3160.0, 415.0, 2036.0, -250.0, 3135.0, 1273.0, -3457.0, -1595.0)
(datetime.datetime(2008, 12, 16, 0, 0), -2188.0, -1190.0, 1815.0, -691.0, 24.0, -1264.0, -1124.0, 873.0, -4458.0, -996.0, -3063.0, 3514.0, -6209.0, -2559.0, 4021.0, 371.0)
(datetime.datetime(2008, 12, 22, 0, 0), -15105.0, -7762.0, -6748.0, -113.0, 30.0, 372.0, 1086.0, -1580.0, -2498.0, 208.0, 2006.0, -2725.0, -11432.0, -11143.0, -3673.0, -3962.0)
(datetime.datetime(2008, 12, 30, 0, 0), -19940.0, -14993.0, -8990.0, 2939.0, -391.0, -3201.0, -3007.0, -6619.0, 1022.0, -92.0, -831.0, -1457.0, -18789.0, -20467.0, -1151.0, 527.0)
(datetime.datetime(2009, 1, 6, 0, 0), 5060.0, -1903.0, 3911.0, 1569.0, 30.0, 360.0, 2773.0, -555.0, 1111.0, 1073.0, 1561.0, -1579.0, 3404.0, 4839.0, 1656.0, 221.0)
(datetime.datetime(2009, 1, 13, 0, 0), 1574.0, -2941.0, -1569.0, -882.0, 511.0, 477.0, 5915.0, -1590.0, 3325.0, 670.0, 546.0, -1162.0, 5402.0, 538.0, -3828.0, 1036.0)
(datetime.datetime(2009, 1, 20, 0, 0), 17795.0, 4359.0, 4105.0, 2635.0, 45.0, 2385.0, -1338.0, 4364.0, 5440.0, 1407.0, -963.0, 2197.0, 17085.0, 17573.0, 710.0, 222.0)
(datetime.datetime(2009, 1, 27, 0, 0), 19281.0, 3530.0, 13254.0, 3833.0, 30.0, 451.0, 4399.0, -1068.0, 6528.0, 954.0, -668.0, 37.0, 19732.0, 18564.0, -451.0, 717.0)
(datetime.datetime(2009, 2, 3, 0, 0), 2242.0, -4057.0, -8190.0, 2494.0, -252.0, -712.0, 977.0, 2192.0, 1289.0, -712.0, 1486.0, 515.0, -206.0, -3672.0, 2448.0, 5914.0)
(datetime.datetime(2009, 2, 10, 0, 0), -1828.0, 1761.0, 8125.0, -1040.0, 28.0, 991.0, 54.0, -1984.0, 716.0, 1541.0, -1219.0, -6995.0, -2972.0, -338.0, 1144.0, -1490.0)
(datetime.datetime(2009, 2, 17, 0, 0), 3998.0, 5685.0, -2932.0, 287.0, 68.0, -1046.0, -4793.0, 4493.0, 2687.0, -84.0, -862.0, 824.0, 3560.0, 3232.0, 438.0, 766.0)
(datetime.datetime(2009, 2, 24, 0, 0), -32808.0, 3066.0, -25292.0, -9383.0, 2159.0, -1953.0, -1574.0, 8661.0, -6453.0, -5924.0, 2193.0, -7458.0, -29679.0, -28143.0, -3129.0, -4665.0)
(datetime.datetime(2009, 3, 3, 0, 0), -11792.0, -1979.0, -11800.0, 1357.0, 400.0, -895.0, -3216.0, 4162.0, -2643.0, 139.0, 78.0, -1818.0, -9055.0, -12516.0, -2737.0, 724.0)
(datetime.datetime(2009, 3, 10, 0, 0), -2552.0, -2531.0, 4109.0, 885.0, -2296.0, 385.0, -1351.0, -1027.0, -5870.0, 521.0, -995.0, 1786.0, -6175.0, -3908.0, 3623.0, 1356.0)
(datetime.datetime(2009, 3, 17, 0, 0), 9506.0, -4260.0, 7372.0, 2409.0, 174.0, 994.0, 3595.0, -3620.0, 4026.0, 6424.0, 5737.0, -1418.0, 11770.0, 13265.0, -2264.0, -3759.0)
(datetime.datetime(2009, 3, 24, 0, 0), 22527.0, 57.0, 16903.0, 3768.0, 2081.0, -567.0, 11348.0, -9308.0, 610.0, 1709.0, 5073.0, 2874.0, 19799.0, 17666.0, 2728.0, 4861.0)
(datetime.datetime(2009, 3, 31, 0, 0), 4914.0, 534.0, 6528.0, -23.0, -2599.0, -340.0, 1689.0, -844.0, -588.0, 3520.0, -286.0, 2944.0, 7736.0, 4815.0, -2822.0, 99.0)
(datetime.datetime(2009, 4, 7, 0, 0), 21615.0, -2953.0, 23598.0, -104.0, 559.0, 2041.0, 12796.0, -6639.0, 3075.0, 1197.0, -4683.0, 1290.0, 17342.0, 19241.0, 4273.0, 2374.0)
(datetime.datetime(2009, 4, 14, 0, 0), 23488.0, 2749.0, 18077.0, 2814.0, 166.0, -122.0, 9615.0, -826.0, -1591.0, 962.0, 51.0, 6145.0, 20572.0, 21900.0, 2916.0, 1588.0)
(datetime.datetime(2009, 4, 21, 0, 0), 17627.0, 5471.0, 18235.0, 2686.0, -161.0, -1943.0, 11185.0, -497.0, -1943.0, 3043.0, 1403.0, 2367.0, 20866.0, 17461.0, -3239.0, 166.0)
(datetime.datetime(2009, 4, 28, 0, 0), -5546.0, -2870.0, 3233.0, 401.0, 658.0, 825.0, -2609.0, -552.0, -1213.0, -1731.0, -7192.0, -2635.0, -9832.0, -6876.0, 4286.0, 1330.0)
(datetime.datetime(2009, 5, 5, 0, 0), 23231.0, -10902.0, 17043.0, 10288.0, 129.0, -595.0, 9276.0, -2003.0, 3485.0, 7066.0, 1601.0, -80.0, 18538.0, 19580.0, 4693.0, 3651.0)
(datetime.datetime(2009, 5, 12, 0, 0), 11598.0, -1350.0, 7844.0, 1598.0, -278.0, 627.0, 1130.0, -1001.0, -140.0, 2741.0, -1470.0, 1189.0, 5795.0, 6771.0, 5803.0, 4827.0)
(datetime.datetime(2009, 5, 19, 0, 0), 13713.0, 425.0, 7484.0, 3096.0, 25.0, -583.0, 2341.0, 400.0, 3843.0, 4643.0, 3969.0, 2948.0, 16713.0, 18086.0, -3000.0, -4373.0)
(datetime.datetime(2009, 5, 26, 0, 0), 19403.0, 4711.0, 7175.0, 1582.0, 5886.0, 781.0, 7028.0, 2291.0, -1822.0, -2351.0, -3651.0, 3884.0, 13813.0, 14544.0, 5590.0, 4859.0)
(datetime.datetime(2009, 6, 2, 0, 0), 5194.0, 5103.0, 7413.0, 418.0, 171.0, -1024.0, 2270.0, 169.0, 991.0, -1297.0, 861.0, -876.0, 5585.0, 7705.0, -391.0, -2511.0)
(datetime.datetime(2009, 6, 9, 0, 0), 13513.0, 10097.0, 12323.0, -1241.0, -21.0, -127.0, 7704.0, 1373.0, -5316.0, -1678.0, 1643.0, -431.0, 9008.0, 9444.0, 4505.0, 4069.0)
(datetime.datetime(2009, 6, 16, 0, 0), -655.0, 7149.0, -5730.0, -677.0, -162.0, 2364.0, -3829.0, -1166.0, 1374.0, 169.0, 1766.0, 2888.0, 9438.0, 1334.0, -10093.0, -1989.0)
(datetime.datetime(2009, 6, 23, 0, 0), 2405.0, 3729.0, -2778.0, -1020.0, 38.0, 2248.0, -10983.0, -1263.0, 4487.0, 2682.0, -4195.0, 2823.0, 3966.0, 1360.0, -1561.0, 1045.0)
(datetime.datetime(2009, 6, 30, 0, 0), -25230.0, -14927.0, -17765.0, 4517.0, -609.0, -2038.0, -4603.0, 67.0, -69.0, -1080.0, -892.0, -2941.0, -21141.0, -24247.0, -4089.0, -983.0)
(datetime.datetime(2009, 7, 7, 0, 0), -8631.0, 5180.0, -4486.0, 773.0, -263.0, 783.0, -14272.0, 1869.0, -2883.0, 3669.0, -566.0, -2103.0, -8853.0, -7649.0, 222.0, -982.0)
(datetime.datetime(2009, 7, 14, 0, 0), -15746.0, 6843.0, -16643.0, -450.0, 18.0, -2158.0, -10464.0, 7690.0, -3643.0, 659.0, 973.0, -6937.0, -16150.0, -20700.0, 404.0, 4954.0)
(datetime.datetime(2009, 7, 21, 0, 0), -9694.0, -531.0, -9143.0, 805.0, 2450.0, -799.0, -1991.0, -1205.0, 2434.0, -2624.0, -486.0, -185.0, -2891.0, -6934.0, -6803.0, -2760.0)
(datetime.datetime(2009, 7, 28, 0, 0), -10948.0, 3138.0, -9897.0, 1406.0, 117.0, -835.0, -1456.0, -504.0, 478.0, -11734.0, 2791.0, -3854.0, -12857.0, -11704.0, 1909.0, 756.0)
(datetime.datetime(2009, 8, 4, 0, 0), 4690.0, -13704.0, 6183.0, -410.0, -468.0, -90.0, 13047.0, -4076.0, -455.0, 797.0, 4056.0, 4746.0, 3931.0, 9896.0, 759.0, -5206.0)
(datetime.datetime(2009, 8, 11, 0, 0), 10451.0, -7411.0, 6930.0, 2481.0, -1419.0, 547.0, 13611.0, -512.0, 978.0, -1953.0, 2971.0, 980.0, 9233.0, 10475.0, 1218.0, -24.0)
(datetime.datetime(2009, 8, 18, 0, 0), 540.0, 13132.0, -6376.0, -928.0, -336.0, -138.0, -11179.0, 220.0, 2514.0, -108.0, 5780.0, 1027.0, 4320.0, 2691.0, -3780.0, -2151.0)
(datetime.datetime(2009, 8, 25, 0, 0), -11920.0, -5898.0, -12213.0, -1075.0, -311.0, 3563.0, -11180.0, -321.0, 1921.0, 925.0, -3965.0, -797.0, -12541.0, -12123.0, 621.0, 203.0)
(datetime.datetime(2009, 9, 1, 0, 0), 11680.0, 12580.0, 2780.0, 1152.0, 355.0, 1527.0, -304.0, 9623.0, -4384.0, 746.0, 794.0, -2064.0, 9253.0, 8631.0, 2427.0, 3049.0)
(datetime.datetime(2009, 9, 8, 0, 0), 17734.0, 17287.0, 1904.0, -1759.0, -48.0, 779.0, -2683.0, 6344.0, 48.0, 140.0, 2593.0, 3269.0, 17081.0, 14889.0, 653.0, 2845.0)
(datetime.datetime(2009, 9, 15, 0, 0), 6912.0, -2024.0, -695.0, 287.0, 596.0, 296.0, 6385.0, 3976.0, 2242.0, 1.0, 971.0, 2338.0, 9525.0, 9724.0, -2613.0, -2812.0)
(datetime.datetime(2009, 9, 22, 0, 0), 3966.0, 7024.0, -8198.0, 3490.0, -45.0, 795.0, -5972.0, 444.0, 676.0, -4272.0, 4403.0, 2842.0, 4583.0, 917.0, -617.0, 3049.0)
(datetime.datetime(2009, 9, 29, 0, 0), 1678.0, -1589.0, -3297.0, 26.0, 642.0, 194.0, -754.0, -3202.0, 6796.0, -2951.0, -814.0, 1162.0, 2884.0, 1481.0, -1206.0, 197.0)
(datetime.datetime(2009, 10, 6, 0, 0), 14845.0, 222.0, 1127.0, -1069.0, -6.0, 1671.0, 7192.0, 8633.0, -2830.0, 684.0, 1060.0, 3498.0, 9368.0, 13153.0, 5477.0, 1692.0)
(datetime.datetime(2009, 10, 13, 0, 0), 22109.0, -12730.0, 26545.0, 1617.0, 511.0, -5129.0, 7319.0, -18612.0, 10680.0, 1526.0, -2428.0, 8973.0, 12256.0, 20540.0, 9853.0, 1569.0)
(datetime.datetime(2009, 10, 20, 0, 0), 2408.0, -10588.0, 4897.0, 1818.0, -267.0, 2708.0, 11179.0, 1604.0, -5444.0, 77.0, 283.0, -1540.0, -1790.0, 2241.0, 4198.0, 167.0)
(datetime.datetime(2009, 10, 27, 0, 0), -26091.0, -11188.0, -6235.0, 3047.0, 561.0, -2887.0, -6143.0, -1337.0, 1300.0, -5118.0, -14257.0, -7306.0, -28295.0, -30161.0, 2204.0, 4070.0)
(datetime.datetime(2009, 11, 3, 0, 0), -20284.0, -6121.0, 7567.0, -1659.0, 155.0, -440.0, 9313.0, -6413.0, -4493.0, 2011.0, 730.0, -5167.0, -6556.0, -8061.0, -13728.0, -12223.0)
(datetime.datetime(2009, 11, 9, 0, 0), -8127.0, 7728.0, -5772.0, 4759.0, -211.0, -236.0, -13212.0, 5497.0, -5204.0, 4091.0, -620.0, -7812.0, -9886.0, -14358.0, 1759.0, 6231.0)
(datetime.datetime(2009, 11, 17, 0, 0), 21369.0, -1304.0, 13438.0, 1068.0, 8.0, 843.0, 12917.0, -1597.0, -1913.0, 1049.0, 1926.0, -738.0, 11922.0, 11967.0, 9447.0, 9402.0)
(datetime.datetime(2009, 11, 24, 0, 0), 23238.0, 4255.0, 25706.0, 2920.0, 76.0, -1032.0, 15082.0, -6887.0, 7072.0, -2538.0, -868.0, 2217.0, 27976.0, 26284.0, -4738.0, -3046.0)
(datetime.datetime(2009, 12, 1, 0, 0), 11761.0, 3507.0, 13259.0, 1506.0, 2.0, 1351.0, 458.0, 459.0, -1293.0, 3608.0, -1275.0, -259.0, 8878.0, 12244.0, 2883.0, -483.0)
(datetime.datetime(2009, 12, 8, 0, 0), 3186.0, 825.0, -5231.0, -1234.0, 38.0, 512.0, 5149.0, 4634.0, -2266.0, 354.0, 244.0, -33.0, 3307.0, -2102.0, -121.0, 5288.0)
(datetime.datetime(2009, 12, 15, 0, 0), 5066.0, 1256.0, -238.0, -3014.0, -3422.0, 5571.0, 3855.0, 370.0, 1981.0, -890.0, 45.0, -1252.0, 7507.0, 3055.0, -2441.0, 2011.0)
(datetime.datetime(2009, 12, 22, 0, 0), -29583.0, -418.0, -31993.0, 1261.0, 1011.0, -538.0, -32271.0, 2518.0, 1952.0, 4493.0, -1948.0, 2927.0, -22594.0, -26071.0, -6989.0, -3512.0)
(datetime.datetime(2009, 12, 29, 0, 0), -34360.0, -9939.0, -23698.0, -872.0, 322.0, -975.0, -2539.0, -1780.0, -3081.0, -12177.0, 2533.0, -1494.0, -31077.0, -28173.0, -3283.0, -6187.0)
(datetime.datetime(2010, 1, 5, 0, 0), 1009.0, -8305.0, 1337.0, -1876.0, -1535.0, 3017.0, 18632.0, 872.0, -1238.0, -739.0, 4862.0, -3708.0, 5783.0, 3607.0, -4774.0, -2598.0)
(datetime.datetime(2010, 1, 12, 0, 0), 14454.0, 13486.0, -6567.0, 10178.0, -174.0, -410.0, -14764.0, 10248.0, 4281.0, 1146.0, 1584.0, -3335.0, 10582.0, 5627.0, 3872.0, 8827.0)
(datetime.datetime(2010, 1, 19, 0, 0), 15932.0, 6864.0, 841.0, 7889.0, 126.0, 646.0, -9919.0, 4196.0, 5657.0, 1182.0, -714.0, 4683.0, 17002.0, 15435.0, -1070.0, 497.0)
(datetime.datetime(2010, 1, 26, 0, 0), 2523.0, 7781.0, -7668.0, -903.0, -202.0, 328.0, -4205.0, 10405.0, -27.0, 431.0, -3135.0, 3147.0, 6552.0, 2848.0, -4029.0, -325.0)
(datetime.datetime(2010, 2, 2, 0, 0), 15740.0, 15279.0, -1750.0, -1820.0, 2238.0, 3729.0, -4641.0, 4998.0, 2814.0, 483.0, 670.0, -2568.0, 13276.0, 10131.0, 2464.0, 5609.0)
(datetime.datetime(2010, 2, 9, 0, 0), 5766.0, 6936.0, -17203.0, -1112.0, 46.0, -2513.0, -5920.0, 14851.0, 4614.0, -31.0, 3316.0, 4074.0, 6048.0, 7185.0, -282.0, -1419.0)
(datetime.datetime(2010, 2, 16, 0, 0), 3464.0, -5744.0, 9858.0, -551.0, 100.0, 78.0, 2827.0, -14207.0, -2806.0, -1551.0, 1032.0, 6686.0, -1061.0, 741.0, 4525.0, 2723.0)
(datetime.datetime(2010, 2, 23, 0, 0), -34132.0, -7626.0, -7185.0, 1211.0, 234.0, -248.0, -3174.0, -9287.0, -5536.0, -4829.0, 6095.0, -14096.0, -34298.0, -30023.0, 166.0, -4109.0)
(datetime.datetime(2010, 3, 2, 0, 0), -21697.0, -15320.0, -13711.0, 6143.0, -819.0, -4611.0, -462.0, -683.0, -1486.0, 152.0, 3025.0, -2151.0, -17735.0, -20436.0, -3962.0, -1261.0)
(datetime.datetime(2010, 3, 9, 0, 0), 7458.0, 7371.0, -7135.0, 925.0, 276.0, -1227.0, 575.0, 12368.0, 6330.0, 410.0, -1529.0, -1954.0, 12430.0, 7129.0, -4972.0, 329.0)
(datetime.datetime(2010, 3, 16, 0, 0), 2435.0, 638.0, -1833.0, -243.0, -1977.0, -1056.0, 1218.0, 3541.0, -3300.0, -1127.0, 2269.0, 1278.0, -2592.0, -1078.0, 5027.0, 3513.0)
(datetime.datetime(2010, 3, 23, 0, 0), -3845.0, -5255.0, 23999.0, -4632.0, -4353.0, -328.0, 4810.0, -22393.0, -2322.0, 4688.0, 982.0, -160.0, -3199.0, -4575.0, -646.0, 730.0)
(datetime.datetime(2010, 3, 30, 0, 0), 12820.0, 11180.0, 10839.0, -3881.0, -63.0, 1390.0, -1233.0, -4508.0, -4405.0, 2711.0, 2819.0, 6909.0, 12671.0, 12981.0, 149.0, -161.0)
(datetime.datetime(2010, 4, 6, 0, 0), 8859.0, 6949.0, -12558.0, 6700.0, 900.0, 2661.0, -5650.0, 17198.0, -5731.0, 2131.0, 1705.0, 819.0, 7879.0, 4994.0, 980.0, 3865.0)
(datetime.datetime(2010, 4, 13, 0, 0), 16061.0, -2112.0, 19704.0, 1660.0, -560.0, -897.0, 10801.0, -8261.0, 4910.0, 395.0, -1550.0, 1054.0, 15811.0, 14400.0, 250.0, 1661.0)
(datetime.datetime(2010, 4, 20, 0, 0), 18722.0, -8611.0, 28634.0, 861.0, -17.0, -1461.0, 13783.0, -11203.0, 3791.0, 111.0, -1967.0, 1821.0, 10295.0, 19598.0, 8427.0, -876.0)
(datetime.datetime(2010, 4, 27, 0, 0), -1366.0, -3674.0, 8188.0, 1494.0, -21.0, 896.0, 6965.0, -5035.0, -4968.0, -521.0, -328.0, -770.0, -578.0, -2038.0, -788.0, 672.0)
(datetime.datetime(2010, 5, 4, 0, 0), -11610.0, -4870.0, -9221.0, -1260.0, 163.0, -954.0, -612.0, 5123.0, 686.0, 1730.0, -2854.0, -3170.0, -8450.0, -10227.0, -3160.0, -1383.0)
(datetime.datetime(2010, 5, 11, 0, 0), -15883.0, 9616.0, -12808.0, -991.0, -324.0, -507.0, -19726.0, 11237.0, -1021.0, 3954.0, -7386.0, -928.0, -9603.0, -11737.0, -6280.0, -4146.0)
(datetime.datetime(2010, 5, 18, 0, 0), 107.0, 283.0, -12248.0, 3564.0, 811.0, 1534.0, -12084.0, 11464.0, 284.0, 4640.0, -4802.0, 2961.0, 1182.0, 4.0, -1075.0, 103.0)
(datetime.datetime(2010, 5, 25, 0, 0), -4667.0, 2457.0, -4985.0, 203.0, 367.0, -110.0, -10014.0, 4155.0, -3503.0, 1992.0, -3664.0, 3936.0, -5039.0, -3804.0, 372.0, -863.0)
(datetime.datetime(2010, 6, 1, 0, 0), 4359.0, 167.0, -486.0, -1382.0, -287.0, 1505.0, -3255.0, 2000.0, 2867.0, 2378.0, -1238.0, 91.0, 2371.0, 4452.0, 1988.0, -93.0)
(datetime.datetime(2010, 6, 8, 0, 0), 16058.0, 6507.0, 2381.0, 343.0, -188.0, -592.0, -1545.0, 9129.0, 4629.0, 6395.0, 1321.0, 1854.0, 17591.0, 18534.0, -1533.0, -2476.0)
(datetime.datetime(2010, 6, 15, 0, 0), -15348.0, -6850.0, 9463.0, -3562.0, -902.0, -3716.0, 6087.0, -13152.0, -4287.0, -5122.0, 224.0, -1591.0, -19041.0, -13961.0, 3693.0, -1387.0)
(datetime.datetime(2010, 6, 22, 0, 0), -1418.0, -9973.0, 7939.0, 1624.0, -129.0, -2385.0, 9701.0, -2483.0, -5865.0, 1434.0, 1057.0, 2946.0, -2518.0, 1080.0, 1100.0, -2498.0)
(datetime.datetime(2010, 6, 29, 0, 0), -18643.0, 2315.0, -19903.0, 2026.0, 171.0, -99.0, -10619.0, 3355.0, 7820.0, -6408.0, -912.0, -7626.0, -12591.0, -17194.0, -6052.0, -1449.0)
(datetime.datetime(2010, 7, 6, 0, 0), 10083.0, 8931.0, 2600.0, -438.0, -38.0, -1095.0, -3867.0, 14263.0, 177.0, 5420.0, -1282.0, -1207.0, 7921.0, 13418.0, 2162.0, -3335.0)
(datetime.datetime(2010, 7, 13, 0, 0), 18020.0, -20603.0, 37076.0, 2655.0, 223.0, 31.0, 21105.0, -27682.0, 2351.0, -1521.0, -3247.0, 8018.0, 12036.0, 16770.0, 5984.0, 1250.0)
(datetime.datetime(2010, 7, 20, 0, 0), 16922.0, -9154.0, 24923.0, 1520.0, 536.0, -402.0, 26930.0, -11967.0, -1483.0, -3309.0, 3629.0, 3245.0, 17347.0, 18481.0, -425.0, -1559.0)
(datetime.datetime(2010, 7, 27, 0, 0), -7309.0, 5368.0, 174.0, 1619.0, -176.0, 168.0, -2443.0, -4247.0, -3479.0, -5228.0, 1920.0, -2561.0, -6556.0, -8201.0, -753.0, 892.0)
(datetime.datetime(2010, 8, 3, 0, 0), 12134.0, -4120.0, 25589.0, 3487.0, -665.0, -228.0, 13385.0, -4489.0, -7169.0, 6526.0, 2896.0, -730.0, 11151.0, 15204.0, 983.0, -3070.0)
(datetime.datetime(2010, 8, 10, 0, 0), 18466.0, 80.0, 21256.0, 2908.0, -165.0, -365.0, 12585.0, -3023.0, -860.0, 1623.0, 812.0, 857.0, 16828.0, 18512.0, 1638.0, -46.0)
(datetime.datetime(2010, 8, 17, 0, 0), 17097.0, 9097.0, 13869.0, -6180.0, 257.0, 246.0, 4689.0, 821.0, 4841.0, 4316.0, 464.0, -448.0, 16561.0, 20050.0, 536.0, -2953.0)
(datetime.datetime(2010, 8, 24, 0, 0), -1417.0, 3005.0, 2844.0, 197.0, 126.0, -451.0, -6283.0, -3880.0, 208.0, 3482.0, -2501.0, -222.0, -64.0, -3876.0, -1353.0, 2459.0)
(datetime.datetime(2010, 8, 31, 0, 0), -6823.0, -5369.0, -4942.0, -865.0, -4.0, 635.0, -3371.0, -133.0, -226.0, 2298.0, -1606.0, -75.0, -6973.0, -6351.0, 150.0, -472.0)
(datetime.datetime(2010, 9, 7, 0, 0), 9846.0, 2884.0, 7664.0, -1049.0, 812.0, 2071.0, 6900.0, 1825.0, -1438.0, -520.0, 2148.0, -1001.0, 7847.0, 12081.0, 1999.0, -2235.0)
(datetime.datetime(2010, 9, 14, 0, 0), 5243.0, 3646.0, 7808.0, -751.0, 410.0, -1604.0, 2243.0, -1588.0, 1399.0, 201.0, 73.0, -484.0, 4650.0, 6014.0, 593.0, -771.0)
(datetime.datetime(2010, 9, 21, 0, 0), 28284.0, 233.0, 17281.0, -3298.0, -643.0, 1031.0, 9848.0, 1274.0, 1143.0, 7917.0, -190.0, 7754.0, 24628.0, 27650.0, 3656.0, 634.0)
(datetime.datetime(2010, 9, 28, 0, 0), 42509.0, 5864.0, 25142.0, 2114.0, -12.0, 435.0, 12100.0, 6372.0, -158.0, 9374.0, -2010.0, 8917.0, 38646.0, 38686.0, 3863.0, 3823.0)
(datetime.datetime(2010, 10, 5, 0, 0), 700.0, 12853.0, -3147.0, 2365.0, 1728.0, 1821.0, -16447.0, -1063.0, 188.0, 5643.0, 3163.0, -3263.0, 3160.0, -573.0, -2460.0, 1273.0)
(datetime.datetime(2010, 10, 12, 0, 0), 31675.0, 27187.0, 32407.0, -2421.0, -2146.0, 2387.0, -3621.0, -2258.0, 4136.0, 4584.0, -2438.0, -1865.0, 30387.0, 30223.0, 1288.0, 1452.0)
(datetime.datetime(2010, 10, 19, 0, 0), 16549.0, -13810.0, 7152.0, 3797.0, -414.0, 8212.0, 19048.0, -38.0, 591.0, 5811.0, 700.0, -5422.0, 18227.0, 10781.0, -1678.0, 5768.0)
(datetime.datetime(2010, 10, 26, 0, 0), -916.0, -4277.0, 17102.0, 13236.0, 1473.0, -9697.0, 825.0, -6252.0, -8625.0, -6754.0, -4369.0, 6116.0, -9176.0, -4252.0, 8260.0, 3336.0)
(datetime.datetime(2010, 11, 2, 0, 0), -37531.0, -18172.0, -16965.0, -5865.0, 392.0, 4428.0, 8805.0, -1001.0, -2892.0, -5561.0, -735.0, -12708.0, -31965.0, -29481.0, -5566.0, -8050.0)
(datetime.datetime(2010, 11, 9, 0, 0), 14491.0, 10750.0, -415.0, -9811.0, -469.0, -845.0, 6904.0, 2683.0, 2429.0, 6759.0, 12891.0, -3416.0, 12770.0, 12858.0, 1721.0, 1633.0)
(datetime.datetime(2010, 11, 16, 0, 0), -11007.0, 10483.0, -8130.0, 763.0, 1562.0, 1013.0, -15146.0, -1317.0, -723.0, 3041.0, -530.0, -3923.0, -4492.0, -12048.0, -6515.0, 1041.0)
(datetime.datetime(2010, 11, 23, 0, 0), 5179.0, -773.0, -6603.0, -4652.0, 7927.0, 2997.0, -5180.0, 3789.0, 3848.0, 9110.0, -4483.0, 3896.0, 9246.0, 11371.0, -4067.0, -6192.0)
(datetime.datetime(2010, 11, 30, 0, 0), 8874.0, 582.0, 2178.0, -3854.0, 134.0, 2077.0, -3235.0, 342.0, 1256.0, 3854.0, -3700.0, 3109.0, 3789.0, 5396.0, 5085.0, 3478.0)
(datetime.datetime(2010, 12, 7, 0, 0), 265.0, -19591.0, -13833.0, -1158.0, 524.0, 1768.0, 1225.0, 2396.0, -1234.0, 6725.0, 280.0, 6991.0, -5274.0, -3108.0, 5539.0, 3373.0)
(datetime.datetime(2010, 12, 14, 0, 0), 11386.0, -4815.0, -3913.0, 461.0, 2867.0, 1871.0, 2767.0, 198.0, -1599.0, 191.0, -310.0, 12600.0, 11476.0, 11714.0, -90.0, -328.0)
(datetime.datetime(2010, 12, 21, 0, 0), 17690.0, 1152.0, 8859.0, 4339.0, 324.0, 1556.0, 8200.0, 2538.0, 211.0, 293.0, 1525.0, 3964.0, 19715.0, 18977.0, -2025.0, -1287.0)
(datetime.datetime(2010, 12, 28, 0, 0), -14507.0, -6277.0, 11562.0, 1231.0, -195.0, 602.0, 2441.0, -6501.0, -5927.0, -468.0, -3770.0, -10340.0, -18738.0, -14569.0, 4231.0, 62.0)
(datetime.datetime(2011, 1, 4, 0, 0), -23745.0, -1958.0, -12248.0, 847.0, 39.0, -376.0, -6173.0, 1277.0, -1352.0, -1021.0, 1386.0, -6610.0, -16643.0, -17884.0, -7102.0, -5861.0)
(datetime.datetime(2011, 1, 11, 0, 0), -3155.0, 8086.0, -1970.0, -7249.0, 3079.0, 2795.0, -309.0, 200.0, -1426.0, 1118.0, 248.0, -5302.0, -2287.0, -2376.0, -868.0, -779.0)
(datetime.datetime(2011, 1, 18, 0, 0), 34922.0, 13929.0, 16925.0, -5845.0, 2030.0, 2197.0, 2918.0, 3558.0, 8164.0, 7548.0, 97.0, -73.0, 28838.0, 32898.0, 6084.0, 2024.0)
(datetime.datetime(2011, 1, 25, 0, 0), -4256.0, -4403.0, -24722.0, -3824.0, -66.0, 1392.0, -13055.0, -1660.0, 7569.0, 126.0, 1123.0, 8303.0, -3892.0, -8061.0, -364.0, 3805.0)
(datetime.datetime(2011, 2, 1, 0, 0), 27730.0, 706.0, 12541.0, 4808.0, 938.0, -3180.0, 19237.0, 1302.0, 637.0, -4101.0, 8221.0, 6999.0, 25106.0, 27458.0, 2624.0, 272.0)
(datetime.datetime(2011, 2, 8, 0, 0), 20242.0, 2459.0, 3853.0, -3910.0, 2040.0, 3703.0, -3762.0, -663.0, 1597.0, 8446.0, -591.0, 6983.0, 15516.0, 16922.0, 4726.0, 3320.0)
(datetime.datetime(2011, 2, 15, 0, 0), 672.0, 8274.0, -20003.0, -8238.0, -4395.0, 4099.0, -9905.0, 9358.0, -2687.0, 1597.0, 291.0, 7392.0, 532.0, -5945.0, 140.0, 6617.0)
(datetime.datetime(2011, 2, 22, 0, 0), -61063.0, -37.0, -34071.0, -2079.0, -1956.0, 456.0, -13063.0, -6295.0, -2618.0, -29169.0, -5089.0, -11700.0, -58210.0, -61273.0, -2853.0, 210.0)
(datetime.datetime(2011, 3, 1, 0, 0), -25035.0, 100.0, -12356.0, -3913.0, 1005.0, 2571.0, -5141.0, -1690.0, -3122.0, -5920.0, 1731.0, -6050.0, -21475.0, -17911.0, -3560.0, -7124.0)
(datetime.datetime(2011, 3, 8, 0, 0), 4647.0, -3213.0, 9013.0, -885.0, -365.0, 1126.0, 758.0, -9153.0, 8352.0, 2867.0, -915.0, -5345.0, 3660.0, 2713.0, 987.0, 1934.0)
(datetime.datetime(2011, 3, 15, 0, 0), 4363.0, 9637.0, -11466.0, 125.0, 439.0, -220.0, -4389.0, 11853.0, -3091.0, 6238.0, 3595.0, 365.0, 8665.0, 1475.0, -4302.0, 2888.0)
(datetime.datetime(2011, 3, 22, 0, 0), -5634.0, -1095.0, 8661.0, 806.0, 1166.0, -1650.0, 2301.0, -2659.0, 984.0, -1937.0, -2396.0, -3220.0, -3811.0, 886.0, -1823.0, -6520.0)
(datetime.datetime(2011, 3, 29, 0, 0), 2418.0, 4840.0, 3208.0, 1424.0, 585.0, -3658.0, 31.0, 1456.0, 2894.0, -4170.0, -804.0, 1853.0, 3214.0, 5534.0, -796.0, -3116.0)
(datetime.datetime(2011, 4, 5, 0, 0), 15724.0, 4764.0, 10588.0, -1411.0, -183.0, -814.0, 5763.0, 6474.0, -425.0, -367.0, -2249.0, 2490.0, 10000.0, 15881.0, 5724.0, -157.0)
(datetime.datetime(2011, 4, 12, 0, 0), 2407.0, 4424.0, -21159.0, -1723.0, 729.0, -2934.0, -12746.0, 1761.0, 11367.0, 185.0, 932.0, 7279.0, 5852.0, -2025.0, -3445.0, 4432.0)
(datetime.datetime(2011, 4, 19, 0, 0), -553.0, 3808.0, -9089.0, -2086.0, -1687.0, 731.0, -9273.0, 1649.0, 2018.0, -559.0, 2200.0, 6876.0, 1515.0, 2698.0, -2068.0, -3251.0)
(datetime.datetime(2011, 4, 26, 0, 0), -42472.0, -7846.0, -4904.0, 5432.0, -151.0, -7108.0, 5038.0, -10232.0, -4127.0, -20917.0, -573.0, -11885.0, -41413.0, -38980.0, -1059.0, -3492.0)
(datetime.datetime(2011, 5, 3, 0, 0), -22063.0, -3426.0, -5155.0, 1791.0, -249.0, 1681.0, -1026.0, 5182.0, -11906.0, 2033.0, 633.0, -8808.0, -19661.0, -18622.0, -2402.0, -3441.0)
(datetime.datetime(2011, 5, 10, 0, 0), -19879.0, 7461.0, -15020.0, -3796.0, 155.0, -7085.0, -11325.0, -2222.0, 1091.0, -455.0, 4006.0, -2401.0, -16510.0, -21476.0, -3369.0, 1597.0)
(datetime.datetime(2011, 5, 17, 0, 0), -6431.0, 1171.0, -5278.0, -2171.0, 39.0, 570.0, 256.0, 2050.0, -1199.0, 104.0, 939.0, -2393.0, -3662.0, -5272.0, -2769.0, -1159.0)
(datetime.datetime(2011, 5, 24, 0, 0), 9763.0, -1459.0, 9271.0, -871.0, 314.0, -1034.0, 12000.0, 1878.0, -215.0, -1151.0, 543.0, -517.0, 6753.0, 10240.0, 3010.0, -477.0)
(datetime.datetime(2011, 5, 31, 0, 0), 23418.0, -1478.0, 10110.0, 1376.0, 15.0, -1354.0, 6319.0, 3415.0, 8899.0, 1392.0, -422.0, 1910.0, 17064.0, 22573.0, 6354.0, 845.0)
(datetime.datetime(2011, 6, 7, 0, 0), 18498.0, -1695.0, 8910.0, -1061.0, 501.0, 4208.0, 10725.0, 3810.0, 502.0, 2418.0, 21.0, 1177.0, 16274.0, 19129.0, 2224.0, -631.0)
(datetime.datetime(2011, 6, 14, 0, 0), 2682.0, 4941.0, -15130.0, 1330.0, 578.0, 1921.0, -9444.0, 3197.0, 2228.0, -42.0, 1687.0, 3281.0, 4215.0, -2238.0, -1533.0, 4920.0)
(datetime.datetime(2011, 6, 21, 0, 0), -6769.0, 12910.0, -6093.0, -121.0, 526.0, 6172.0, -11931.0, -1230.0, -1533.0, -4764.0, 274.0, -1349.0, -616.0, -3233.0, -6153.0, -3536.0)
(datetime.datetime(2011, 6, 28, 0, 0), -62002.0, -13241.0, -20826.0, 14148.0, -2888.0, -11799.0, -19499.0, 1163.0, -12035.0, -7020.0, -5554.0, -10415.0, -59861.0, -62354.0, -2141.0, 352.0)
(datetime.datetime(2011, 7, 5, 0, 0), -5319.0, 3911.0, 2117.0, -2070.0, -1243.0, -975.0, -1484.0, 4366.0, -2632.0, 2791.0, -1584.0, -3355.0, -3814.0, -3306.0, -1505.0, -2013.0)
(datetime.datetime(2011, 7, 12, 0, 0), -11209.0, -16628.0, 4087.0, -3569.0, -2181.0, 671.0, 5694.0, -8983.0, -3193.0, 707.0, 1955.0, 295.0, -16023.0, -7349.0, 4814.0, -3860.0)
(datetime.datetime(2011, 7, 19, 0, 0), 28850.0, -14423.0, 27926.0, -4412.0, 1114.0, 1404.0, 27579.0, -6772.0, 1231.0, 5807.0, 744.0, 6715.0, 23901.0, 32362.0, 4949.0, -3512.0)
(datetime.datetime(2011, 7, 26, 0, 0), -5539.0, -6226.0, -2160.0, 1643.0, 390.0, -2032.0, 10941.0, 1577.0, -3401.0, -6791.0, 210.0, -2058.0, -7924.0, -7474.0, 2385.0, 1935.0)
(datetime.datetime(2011, 8, 2, 0, 0), -25186.0, 2069.0, -16019.0, -753.0, 137.0, 44.0, -9485.0, -414.0, -3465.0, -5072.0, 2754.0, -2229.0, -18891.0, -19192.0, -6295.0, -5994.0)
(datetime.datetime(2011, 8, 9, 0, 0), -12548.0, 21938.0, -17850.0, -7050.0, -771.0, -1016.0, -32402.0, 5366.0, -1087.0, 12009.0, -2176.0, -31.0, -7639.0, -17565.0, -4909.0, 5017.0)
(datetime.datetime(2011, 8, 16, 0, 0), 7051.0, -5541.0, 9462.0, -1430.0, -25.0, 1137.0, 3507.0, -3319.0, 315.0, 5285.0, -867.0, 1792.0, 5065.0, 8495.0, 1986.0, -1444.0)
(datetime.datetime(2011, 8, 23, 0, 0), 23933.0, -18654.0, 28093.0, -858.0, 586.0, -190.0, 35663.0, -8935.0, 285.0, -3308.0, 2695.0, 1874.0, 14812.0, 24408.0, 9121.0, -475.0)
(datetime.datetime(2011, 8, 30, 0, 0), 49115.0, -19954.0, 35259.0, -1590.0, 725.0, -295.0, 35937.0, -2512.0, 4842.0, 12814.0, 347.0, 11084.0, 42838.0, 49450.0, 6277.0, -335.0)
(datetime.datetime(2011, 9, 6, 0, 0), 18963.0, 8641.0, 14056.0, 4178.0, 87.0, 53.0, 1958.0, 2242.0, 2617.0, 2477.0, 636.0, -1504.0, 18420.0, 18187.0, 543.0, 776.0)
(datetime.datetime(2011, 9, 13, 0, 0), 6107.0, 22675.0, 4411.0, 832.0, 310.0, 4415.0, -6838.0, 1720.0, -748.0, -6648.0, 1475.0, -4025.0, 9663.0, 7558.0, -3556.0, -1451.0)
(datetime.datetime(2011, 9, 20, 0, 0), -20312.0, 16115.0, -25757.0, 3764.0, 5033.0, 1112.0, -36338.0, -4827.0, 1256.0, -6315.0, -7181.0, 6040.0, -14366.0, -24324.0, -5946.0, 4012.0)
(datetime.datetime(2011, 9, 27, 0, 0), -9935.0, 22554.0, -30947.0, -8321.0, -455.0, 298.0, -28150.0, 9401.0, 9339.0, 384.0, -5409.0, -168.0, -4064.0, -17941.0, -5871.0, 8006.0)
(datetime.datetime(2011, 10, 4, 0, 0), -1187.0, 8434.0, -20620.0, -11593.0, 2271.0, 4469.0, -6222.0, 4099.0, -4107.0, 1493.0, 758.0, 9956.0, 2430.0, -3174.0, -3617.0, 1987.0)
(datetime.datetime(2011, 10, 11, 0, 0), -2982.0, 5637.0, 2674.0, 3792.0, -1052.0, -2778.0, -8784.0, 8038.0, -562.0, 6507.0, -2104.0, -5401.0, -1589.0, -1185.0, -1393.0, -1797.0)
(datetime.datetime(2011, 10, 18, 0, 0), 18680.0, -6028.0, 12116.0, 5094.0, -2517.0, 13900.0, 9964.0, 2890.0, 3132.0, 2714.0, 1554.0, -12163.0, 16613.0, 18912.0, 2067.0, -232.0)
(datetime.datetime(2011, 10, 25, 0, 0), -46341.0, -2530.0, -21309.0, 16696.0, -8987.0, -13027.0, -12526.0, 3658.0, 5708.0, -35986.0, -5895.0, -7277.0, -48942.0, -47129.0, 2601.0, 788.0)
(datetime.datetime(2011, 11, 1, 0, 0), -24121.0, -14895.0, -22367.0, 4614.0, 2303.0, -9050.0, -3892.0, 5482.0, -1154.0, -371.0, 1875.0, 2422.0, -22326.0, -20489.0, -1795.0, -3632.0)
(datetime.datetime(2011, 11, 8, 0, 0), -2982.0, -1977.0, -11140.0, -444.0, 298.0, 1271.0, -2571.0, 3563.0, -2175.0, 1623.0, 2797.0, 1658.0, -2615.0, -3728.0, -367.0, 746.0)
(datetime.datetime(2011, 11, 15, 0, 0), 13594.0, 10704.0, -14199.0, -1679.0, 92.0, -330.0, -2712.0, 14395.0, -602.0, 1966.0, 5690.0, 2195.0, 9542.0, 7241.0, 4052.0, 6353.0)
(datetime.datetime(2011, 11, 22, 0, 0), -6807.0, 4936.0, -8855.0, 4018.0, -131.0, -44.0, -5172.0, 9674.0, 210.0, 1431.0, -255.0, -3815.0, 1564.0, -3216.0, -8371.0, -3591.0)
(datetime.datetime(2011, 11, 29, 0, 0), 131.0, -5225.0, -2335.0, -816.0, 58.0, 874.0, -2989.0, -4835.0, 5532.0, -1600.0, 583.0, -2277.0, -6501.0, -2400.0, 6632.0, 2531.0)
(datetime.datetime(2011, 12, 6, 0, 0), 18629.0, 12835.0, 10371.0, 710.0, -251.0, 50.0, -2660.0, 499.0, -556.0, 2678.0, 1996.0, 6146.0, 19203.0, 18255.0, -574.0, 374.0)
(datetime.datetime(2011, 12, 13, 0, 0), 16908.0, -4802.0, 7473.0, -5497.0, -4618.0, 9093.0, 3639.0, -1648.0, 7820.0, 2066.0, -3970.0, 8237.0, 20556.0, 22387.0, -3648.0, -5479.0)
(datetime.datetime(2011, 12, 20, 0, 0), -26040.0, -17786.0, -5437.0, 3346.0, -522.0, -4407.0, -2601.0, -7666.0, -4038.0, -1053.0, 16.0, 164.0, -26375.0, -21890.0, 335.0, -4150.0)
(datetime.datetime(2011, 12, 27, 0, 0), -52231.0, -24323.0, -18823.0, 334.0, 1612.0, -4883.0, 2392.0, -14341.0, -3432.0, -9548.0, 2081.0, -14916.0, -54376.0, -52702.0, 2145.0, 471.0)
(datetime.datetime(2012, 1, 3, 0, 0), -19357.0, -16146.0, -4113.0, 482.0, -225.0, -2069.0, 4279.0, -1638.0, -2197.0, 1117.0, -3368.0, -691.0, -15225.0, -14301.0, -4132.0, -5056.0)
(datetime.datetime(2012, 1, 10, 0, 0), -901.0, -1510.0, 9091.0, 2167.0, -266.0, -685.0, 3364.0, -6358.0, -2066.0, -1899.0, -1416.0, 859.0, 230.0, -841.0, -1131.0, -60.0)
(datetime.datetime(2012, 1, 17, 0, 0), 18276.0, 5600.0, -2238.0, 741.0, -701.0, 769.0, 232.0, 5864.0, 4944.0, 918.0, 784.0, 4555.0, 17759.0, 13977.0, 517.0, 4299.0)
(datetime.datetime(2012, 1, 24, 0, 0), 279.0, -7507.0, -2523.0, -2116.0, 789.0, 1641.0, 7115.0, -1552.0, 509.0, 1163.0, 740.0, 530.0, 1335.0, 134.0, -1056.0, 145.0)
(datetime.datetime(2012, 1, 31, 0, 0), 22288.0, 15466.0, 11648.0, -1891.0, 2246.0, 1614.0, 2440.0, 6970.0, -2523.0, 2107.0, -5569.0, 4578.0, 21791.0, 18964.0, 497.0, 3324.0)
(datetime.datetime(2012, 2, 7, 0, 0), 15161.0, -2882.0, 18344.0, -1325.0, 613.0, 496.0, 11529.0, -7130.0, 923.0, 1668.0, 2053.0, -691.0, 9718.0, 14608.0, 5443.0, 553.0)
(datetime.datetime(2012, 2, 14, 0, 0), 33346.0, 911.0, 14263.0, 331.0, 767.0, 4852.0, 10214.0, -6478.0, 11672.0, 3090.0, 1845.0, 246.0, 31316.0, 27167.0, 2030.0, 6179.0)
(datetime.datetime(2012, 2, 21, 0, 0), -4956.0, -7810.0, 5572.0, -3260.0, -813.0, 1485.0, 10200.0, -6877.0, -3357.0, -2276.0, -629.0, 471.0, -4547.0, -4148.0, -409.0, -808.0)
(datetime.datetime(2012, 2, 28, 0, 0), -3833.0, -14883.0, 11484.0, 3370.0, 68.0, -3682.0, 15384.0, -1447.0, -7699.0, -123.0, -2820.0, 2497.0, -5136.0, -1599.0, 1303.0, -2234.0)
(datetime.datetime(2012, 3, 6, 0, 0), 28405.0, -1433.0, 32692.0, 640.0, -1430.0, 2414.0, 25466.0, -9714.0, 1690.0, 2775.0, 4003.0, -4261.0, 27291.0, 25394.0, 1114.0, 3011.0)
(datetime.datetime(2012, 3, 13, 0, 0), 34603.0, 11393.0, 24405.0, 154.0, 1893.0, -2112.0, 15484.0, -2562.0, 1492.0, -2599.0, 3200.0, 7616.0, 31428.0, 33932.0, 3175.0, 671.0)
(datetime.datetime(2012, 3, 20, 0, 0), 36693.0, 4232.0, 30993.0, 2114.0, 707.0, -551.0, 19334.0, -2500.0, 4131.0, 5525.0, 104.0, -1655.0, 33130.0, 31229.0, 3563.0, 5464.0)
(datetime.datetime(2012, 3, 27, 0, 0), 44570.0, 18730.0, 31745.0, -191.0, 1532.0, 1136.0, 6559.0, -4370.0, 7993.0, 2728.0, 1241.0, 6687.0, 43642.0, 45964.0, 928.0, -1394.0)
(datetime.datetime(2012, 4, 3, 0, 0), 69088.0, 31706.0, 47479.0, -2901.0, -1259.0, 2821.0, 16129.0, -1942.0, 4414.0, 9178.0, 3819.0, 6292.0, 67639.0, 61624.0, 1449.0, 7464.0)
(datetime.datetime(2012, 4, 10, 0, 0), 33307.0, 14899.0, -3206.0, -14200.0, 959.0, 7366.0, 9494.0, 1699.0, 9909.0, -2587.0, 9884.0, 5604.0, 30485.0, 32215.0, 2822.0, 1092.0)
(datetime.datetime(2012, 4, 17, 0, 0), 24856.0, 2371.0, 3701.0, -1549.0, -864.0, 4754.0, 771.0, -653.0, 5849.0, 2567.0, 1767.0, 7078.0, 21841.0, 21632.0, 3015.0, 3224.0)
(datetime.datetime(2012, 4, 24, 0, 0), 3994.0, -188.0, 18317.0, -709.0, -2179.0, 264.0, 11811.0, -1959.0, -725.0, -518.0, -2685.0, -6804.0, 3131.0, 4229.0, 863.0, -235.0)
(datetime.datetime(2012, 5, 1, 0, 0), -8702.0, -24219.0, -3623.0, 6485.0, -2552.0, 1083.0, 10683.0, 1628.0, 3935.0, 2457.0, 2111.0, -7921.0, -7497.0, -5339.0, -1205.0, -3363.0)
(datetime.datetime(2012, 5, 8, 0, 0), -8392.0, 8005.0, -4499.0, -645.0, 1055.0, -488.0, -11979.0, 694.0, -1516.0, 3391.0, -462.0, -6103.0, -9335.0, -11319.0, 943.0, 2927.0)
(datetime.datetime(2012, 5, 15, 0, 0), -7896.0, 6021.0, 1362.0, -421.0, -513.0, 218.0, -13796.0, -3055.0, -7193.0, 2052.0, -1588.0, 11166.0, -1953.0, 397.0, -5943.0, -8293.0)
(datetime.datetime(2012, 5, 22, 0, 0), -14047.0, -13455.0, -9310.0, -252.0, -489.0, -1512.0, -3552.0, 6150.0, -4092.0, 8911.0, -2856.0, -2424.0, -16376.0, -14533.0, 2329.0, 486.0)
(datetime.datetime(2012, 5, 29, 0, 0), -2806.0, 4253.0, -4427.0, -1218.0, -187.0, -1636.0, -3876.0, 4442.0, -263.0, 409.0, 668.0, 810.0, -1521.0, -593.0, -1285.0, -2213.0)
(datetime.datetime(2012, 6, 5, 0, 0), -11235.0, 6019.0, -14129.0, 558.0, -470.0, 3341.0, -20378.0, -44.0, 4346.0, -1650.0, 630.0, -1605.0, -9369.0, -7931.0, -1866.0, -3304.0)
(datetime.datetime(2012, 6, 12, 0, 0), 8980.0, -5920.0, 15992.0, -1994.0, 2362.0, -8977.0, 11713.0, -5876.0, 6467.0, 3507.0, 866.0, -2635.0, 2161.0, 8199.0, 6819.0, 781.0)
(datetime.datetime(2012, 6, 19, 0, 0), 11605.0, 1358.0, 4576.0, -1314.0, 125.0, -2181.0, -1134.0, -1529.0, 7374.0, -1224.0, -544.0, 3294.0, 6173.0, 11115.0, 5432.0, 490.0)
(datetime.datetime(2012, 6, 26, 0, 0), -15596.0, -7118.0, -328.0, -543.0, 2365.0, -1993.0, 15656.0, -2210.0, -3764.0, -11721.0, 2304.0, -11100.0, -20583.0, -14726.0, 4987.0, -870.0)
(datetime.datetime(2012, 7, 3, 0, 0), 7420.0, -6151.0, 14162.0, 93.0, 3224.0, -2063.0, 11416.0, -526.0, -2266.0, 11908.0, 899.0, -795.0, 12142.0, 12635.0, -4722.0, -5215.0)
(datetime.datetime(2012, 7, 10, 0, 0), 24343.0, 19634.0, 1455.0, -7668.0, 13846.0, 3422.0, 4629.0, 1760.0, -3568.0, 3193.0, 8673.0, 2330.0, 21972.0, 27918.0, 2371.0, -3575.0)
(datetime.datetime(2012, 7, 17, 0, 0), 33771.0, 18202.0, 18711.0, -2260.0, 4328.0, 5594.0, 448.0, -355.0, -2031.0, 3792.0, 2805.0, 3987.0, 27732.0, 33039.0, 6039.0, 732.0)
(datetime.datetime(2012, 7, 24, 0, 0), -21675.0, 3611.0, -12881.0, -7236.0, 776.0, 6593.0, 3097.0, 2797.0, -6084.0, -5896.0, -1943.0, -5264.0, -11179.0, -16006.0, -10496.0, -5669.0)
(datetime.datetime(2012, 7, 31, 0, 0), -51237.0, -17086.0, -27883.0, -1167.0, 791.0, -1420.0, -10665.0, -1580.0, -11905.0, -474.0, 3274.0, -7922.0, -50639.0, -46645.0, -598.0, -4592.0)
(datetime.datetime(2012, 8, 7, 0, 0), -7452.0, 2812.0, -19266.0, -5647.0, 3932.0, 2452.0, -4691.0, 3941.0, 2944.0, -409.0, 1808.0, -1829.0, -4368.0, -6018.0, -3084.0, -1434.0)
(datetime.datetime(2012, 8, 14, 0, 0), -11234.0, -3677.0, -8536.0, 2076.0, 1427.0, -2571.0, 3196.0, -3327.0, -8073.0, -6230.0, 2272.0, 3007.0, -12272.0, -15801.0, 1038.0, 4567.0)
(datetime.datetime(2012, 8, 21, 0, 0), 13516.0, -9282.0, 14017.0, -645.0, -1022.0, 3.0, 12550.0, -643.0, -1099.0, 7371.0, 1758.0, -233.0, 8665.0, 12781.0, 4851.0, 735.0)
(datetime.datetime(2012, 8, 28, 0, 0), -13113.0, -2504.0, -19404.0, 3355.0, -269.0, -1778.0, -21095.0, 446.0, 9371.0, -4675.0, -1492.0, 119.0, -17207.0, -13007.0, 4094.0, -106.0)
(datetime.datetime(2012, 9, 4, 0, 0), 645.0, -4669.0, 3779.0, 789.0, -1811.0, -693.0, 2272.0, 632.0, -359.0, 6364.0, -261.0, -3379.0, 325.0, -2092.0, 320.0, 2737.0)
(datetime.datetime(2012, 9, 11, 0, 0), -9684.0, 3555.0, -3345.0, -1570.0, 1169.0, -1791.0, -575.0, -2583.0, -1230.0, -5348.0, -510.0, -197.0, -7156.0, -8487.0, -2528.0, -1197.0)
(datetime.datetime(2012, 9, 18, 0, 0), -2916.0, 13216.0, -6834.0, 4230.0, 1558.0, -4770.0, -8178.0, 2189.0, -5052.0, -137.0, 2274.0, 1575.0, 884.0, -9060.0, -3800.0, 6144.0)
(datetime.datetime(2012, 9, 25, 0, 0), -5092.0, 10331.0, -6180.0, -2650.0, 13355.0, 1142.0, -12076.0, 2211.0, -3586.0, -7270.0, -22206.0, 10127.0, -3982.0, -5137.0, -1110.0, 45.0)
(datetime.datetime(2012, 10, 2, 0, 0), -3907.0, 4163.0, 711.0, 1083.0, -2418.0, 1152.0, -4709.0, 2411.0, 1521.0, 2198.0, -723.0, -4737.0, 671.0, -2083.0, -4578.0, -1824.0)
(datetime.datetime(2012, 10, 9, 0, 0), -2616.0, -1557.0, -1966.0, 1574.0, -672.0, 121.0, -3346.0, 1112.0, -646.0, -2239.0, -1045.0, 151.0, -5942.0, -2945.0, 3326.0, 329.0)
(datetime.datetime(2012, 10, 16, 0, 0), -3406.0, -5171.0, -14280.0, -372.0, -1385.0, 1273.0, -649.0, -3787.0, 2665.0, -1895.0, 4927.0, 4296.0, 147.0, -6291.0, -3553.0, 2885.0)
(datetime.datetime(2012, 10, 23, 0, 0), -8627.0, -11329.0, -5499.0, -482.0, -174.0, -200.0, 1866.0, 2778.0, -1346.0, -1675.0, -3060.0, 192.0, -12974.0, -7309.0, 4347.0, -1318.0)
(datetime.datetime(2012, 10, 30, 0, 0), -66684.0, -15014.0, -20353.0, 4836.0, -9668.0, -7665.0, -14278.0, -3111.0, -4961.0, -21191.0, -10403.0, -4115.0, -62388.0, -60276.0, -4296.0, -6408.0)
(datetime.datetime(2012, 11, 6, 0, 0), -19428.0, -12755.0, -12600.0, -21.0, -1126.0, 1203.0, -6199.0, 1943.0, -516.0, 3198.0, 448.0, -2006.0, -17096.0, -12654.0, -2332.0, -6774.0)
(datetime.datetime(2012, 11, 13, 0, 0), -16199.0, 2265.0, -27484.0, 622.0, -212.0, 748.0, -21789.0, 7644.0, 1997.0, 2729.0, 1785.0, -908.0, -14336.0, -16430.0, -1863.0, 231.0)
(datetime.datetime(2012, 11, 20, 0, 0), -471.0, 7435.0, -7499.0, -185.0, -290.0, -44.0, -8971.0, 5093.0, 3998.0, -131.0, 1898.0, -884.0, 1218.0, 2272.0, -1689.0, -2743.0)
(datetime.datetime(2012, 11, 27, 0, 0), -305.0, 3204.0, -6331.0, 112.0, 335.0, -43.0, -3872.0, 5379.0, -1896.0, -1064.0, 191.0, 1156.0, -2403.0, -1209.0, 2098.0, 904.0)
(datetime.datetime(2012, 12, 4, 0, 0), -9451.0, -2237.0, -4187.0, 10.0, 556.0, -2637.0, -3936.0, 600.0, -2798.0, 313.0, -4853.0, 1489.0, -9796.0, -11830.0, 345.0, 2379.0)
(datetime.datetime(2012, 12, 11, 0, 0), 5397.0, -10336.0, 5504.0, -300.0, -3907.0, 3141.0, 7163.0, -6434.0, 259.0, -1225.0, 3720.0, 4933.0, 3635.0, 7216.0, 1762.0, -1819.0)
(datetime.datetime(2012, 12, 18, 0, 0), 12353.0, 5257.0, 18837.0, 877.0, -4976.0, -1276.0, 10701.0, -866.0, -4445.0, -2995.0, 2580.0, 86.0, 8205.0, 9940.0, 4148.0, 2413.0)
(datetime.datetime(2012, 12, 24, 0, 0), -41716.0, 3388.0, -19742.0, -1875.0, -3713.0, -3747.0, -14357.0, 1083.0, 203.0, -4174.0, 3236.0, -11852.0, -32414.0, -34532.0, -9302.0, -7184.0)
(datetime.datetime(2012, 12, 31, 0, 0), -23694.0, -11497.0, -13436.0, -109.0, -364.0, 609.0, -5183.0, -1601.0, -3038.0, -695.0, 1108.0, -920.0, -20833.0, -17642.0, -2861.0, -6052.0)
(datetime.datetime(2013, 1, 8, 0, 0), -6831.0, 8282.0, -32058.0, -5308.0, 2580.0, 214.0, -15199.0, 10402.0, 9209.0, -662.0, 2085.0, -1812.0, -5276.0, -9380.0, -1555.0, 2549.0)
(datetime.datetime(2013, 1, 15, 0, 0), -7058.0, 758.0, -18025.0, -16349.0, 4105.0, -1344.0, -1771.0, -2341.0, 6257.0, 689.0, 2776.0, 1925.0, -9835.0, -6647.0, 2777.0, -411.0)
(datetime.datetime(2013, 1, 22, 0, 0), 15860.0, -889.0, 10631.0, -43.0, -1067.0, 1358.0, 5228.0, -4695.0, 4329.0, 1835.0, 1572.0, 2114.0, 13932.0, 14242.0, 1928.0, 1618.0)
(datetime.datetime(2013, 1, 29, 0, 0), 25863.0, 7299.0, 9848.0, -3269.0, -2643.0, -63.0, 4230.0, -2816.0, 8600.0, -1070.0, 3107.0, 5672.0, 21399.0, 21705.0, 4464.0, 4158.0)
(datetime.datetime(2013, 2, 5, 0, 0), 33802.0, 5226.0, 28894.0, 455.0, 121.0, 995.0, 23650.0, 3418.0, -3470.0, 3858.0, 3037.0, 517.0, 31231.0, 33512.0, 2571.0, 290.0)
(datetime.datetime(2013, 2, 12, 0, 0), 10893.0, 13798.0, 18624.0, 1095.0, 3347.0, -4314.0, 8397.0, -4897.0, -4370.0, -2071.0, -391.0, 3829.0, 16364.0, 11828.0, -5471.0, -935.0)
(datetime.datetime(2013, 2, 19, 0, 0), 20707.0, 25343.0, 9806.0, -1522.0, -363.0, 3594.0, -9283.0, 9699.0, -1993.0, 5987.0, 382.0, -69.0, 22057.0, 21056.0, -1350.0, -349.0)
(datetime.datetime(2013, 2, 26, 0, 0), -41445.0, -21733.0, 8210.0, 5269.0, -13985.0, -5885.0, -6810.0, -11164.0, -3203.0, 4267.0, -7926.0, -10594.0, -38689.0, -44547.0, -2756.0, 3102.0)
(datetime.datetime(2013, 3, 5, 0, 0), -4949.0, -3001.0, -8894.0, -5174.0, 1204.0, 4133.0, -523.0, 689.0, -2459.0, 257.0, 4142.0, 725.0, -6042.0, -460.0, 1093.0, -4489.0)
(datetime.datetime(2013, 3, 12, 0, 0), 11983.0, 3430.0, 12893.0, -637.0, -250.0, 1172.0, 7821.0, -1653.0, -1831.0, 2408.0, 1466.0, -1638.0, 10725.0, 10159.0, 1258.0, 1824.0)
(datetime.datetime(2013, 3, 19, 0, 0), -22617.0, 4450.0, -22795.0, 1097.0, -508.0, -36.0, -21341.0, 5142.0, -1786.0, 1162.0, -1989.0, -1498.0, -17952.0, -23470.0, -4665.0, 853.0)
(datetime.datetime(2013, 3, 26, 0, 0), -4594.0, 222.0, 5307.0, 457.0, 1105.0, -646.0, 198.0, -3776.0, -1934.0, -1619.0, 1972.0, -3370.0, -6692.0, -1342.0, 2098.0, -3252.0)
(datetime.datetime(2013, 4, 2, 0, 0), -13089.0, -8009.0, -25720.0, 3570.0, -589.0, -1178.0, -11441.0, 12217.0, 196.0, 4081.0, -5115.0, 3934.0, -8847.0, -16255.0, -4242.0, 3166.0)
(datetime.datetime(2013, 4, 9, 0, 0), 11318.0, 3238.0, -24482.0, 988.0, 16.0, 3098.0, -2422.0, 10862.0, 8724.0, -8744.0, 3371.0, 4952.0, 9834.0, 6541.0, 1484.0, 4777.0)
(datetime.datetime(2013, 4, 16, 0, 0), -17588.0, -9977.0, 1653.0, -809.0, -1260.0, 1849.0, 6570.0, -4433.0, -11410.0, 2315.0, 2536.0, -3012.0, -14474.0, -14077.0, -3114.0, -3511.0)
(datetime.datetime(2013, 4, 23, 0, 0), 16902.0, 16784.0, 19837.0, -375.0, -4892.0, 2282.0, -3026.0, -3394.0, -2245.0, 951.0, 5298.0, -322.0, 14049.0, 16564.0, 2853.0, 338.0)
(datetime.datetime(2013, 4, 30, 0, 0), -37267.0, -19855.0, 775.0, 11599.0, -3660.0, -14769.0, 10933.0, -3078.0, -5264.0, -6919.0, 5587.0, -12922.0, -37197.0, -33331.0, -70.0, -3936.0)
(datetime.datetime(2013, 5, 7, 0, 0), -1659.0, 2393.0, -18867.0, -527.0, -1111.0, 1380.0, -7704.0, 9455.0, 2876.0, 207.0, 163.0, 1796.0, 421.0, -4308.0, -2080.0, 2649.0)
(datetime.datetime(2013, 5, 14, 0, 0), 27948.0, 796.0, 8532.0, -3521.0, -1097.0, 3288.0, 14836.0, 4077.0, 7183.0, 1691.0, 2772.0, 303.0, 24576.0, 25058.0, 3372.0, 2890.0)
(datetime.datetime(2013, 5, 21, 0, 0), 18274.0, -1240.0, 2082.0, -2046.0, 4398.0, -3023.0, 27661.0, 10495.0, -6921.0, 3163.0, 9067.0, 105.0, 17699.0, 16203.0, 575.0, 2071.0)
(datetime.datetime(2013, 5, 28, 0, 0), -1405.0, -15658.0, -13736.0, -2242.0, 281.0, 314.0, 16654.0, -690.0, 2032.0, -694.0, 6513.0, -1306.0, -900.0, -6592.0, -505.0, 5187.0)
(datetime.datetime(2013, 6, 4, 0, 0), 18996.0, 9308.0, 18490.0, 312.0, 4351.0, 924.0, 5056.0, -10417.0, 825.0, -1639.0, -2736.0, 2918.0, 17704.0, 14355.0, 1292.0, 4641.0)
(datetime.datetime(2013, 6, 11, 0, 0), 12489.0, 2262.0, 15075.0, 2589.0, -725.0, 4122.0, 12522.0, -507.0, -12764.0, 2763.0, 3187.0, 485.0, 11979.0, 8873.0, 510.0, 3616.0)
(datetime.datetime(2013, 6, 18, 0, 0), 8764.0, 9703.0, -6010.0, 1129.0, -1835.0, 4616.0, -10692.0, 4721.0, 5363.0, -5788.0, -507.0, 5348.0, 9679.0, 11696.0, -915.0, -2932.0)
(datetime.datetime(2013, 6, 25, 0, 0), -59000.0, -30314.0, -2564.0, 12064.0, -4770.0, -12600.0, -7615.0, -12382.0, -4443.0, -5207.0, -8849.0, -8651.0, -56766.0, -54259.0, -2234.0, -4741.0)
(datetime.datetime(2013, 7, 2, 0, 0), -39501.0, -9643.0, -25067.0, -6719.0, 1775.0, -311.0, -13407.0, 711.0, -2017.0, 1313.0, -6861.0, -2403.0, -33187.0, -34173.0, -6314.0, -5328.0)
(datetime.datetime(2013, 7, 9, 0, 0), -5098.0, -1992.0, -6156.0, -2563.0, 822.0, 1145.0, -7925.0, -1479.0, -294.0, 2282.0, -4555.0, 188.0, -9159.0, -10329.0, 4061.0, 5231.0)
(datetime.datetime(2013, 7, 16, 0, 0), 4813.0, -2083.0, 10863.0, -1748.0, -365.0, -1848.0, 17776.0, 7015.0, -1755.0, -4414.0, -1070.0, -466.0, 5462.0, 12374.0, -649.0, -7561.0)
(datetime.datetime(2013, 7, 23, 0, 0), 4190.0, -2933.0, -13537.0, 474.0, -1942.0, -55.0, 2981.0, 9382.0, -374.0, 5078.0, 6421.0, 1288.0, 6459.0, 1183.0, -2269.0, 3007.0)
(datetime.datetime(2013, 7, 30, 0, 0), -36722.0, 8174.0, -27978.0, -1058.0, 1010.0, -1056.0, -28178.0, 286.0, -1681.0, -2172.0, -6788.0, -1881.0, -27852.0, -38088.0, -8870.0, 1366.0)
(datetime.datetime(2013, 8, 6, 0, 0), 5772.0, 15943.0, -14876.0, -1242.0, -395.0, -1014.0, -21299.0, 9993.0, 4385.0, 7658.0, -125.0, 3104.0, 7535.0, 1072.0, -1763.0, 4700.0)
(datetime.datetime(2013, 8, 13, 0, 0), 18167.0, 14993.0, 23666.0, -892.0, -600.0, -1295.0, -883.0, 5204.0, 3497.0, 2763.0, -7529.0, -2204.0, 15979.0, 20739.0, 2188.0, -2572.0)
(datetime.datetime(2013, 8, 20, 0, 0), 31587.0, -2388.0, 49392.0, 2992.0, 5487.0, -2189.0, 20284.0, -22181.0, 3266.0, 5647.0, 3609.0, 1218.0, 28830.0, 38602.0, 2757.0, -7015.0)
(datetime.datetime(2013, 8, 27, 0, 0), 25843.0, -6870.0, 37583.0, 6036.0, 3811.0, 427.0, 16384.0, -14329.0, 3981.0, 1981.0, -1724.0, -2675.0, 19264.0, 27074.0, 6579.0, -1231.0)
(datetime.datetime(2013, 9, 3, 0, 0), 19391.0, -3616.0, 24738.0, 1889.0, -701.0, -671.0, 15051.0, -7877.0, 4357.0, -365.0, -3386.0, 1532.0, 18177.0, 17992.0, 1214.0, 1399.0)
(datetime.datetime(2013, 9, 10, 0, 0), 20263.0, 13031.0, 4363.0, 1759.0, -2825.0, 1546.0, -1191.0, -706.0, 2943.0, -6528.0, 5934.0, 7026.0, 18586.0, 18281.0, 1677.0, 1982.0)
(datetime.datetime(2013, 9, 17, 0, 0), 1806.0, -2513.0, 2485.0, -1150.0, -516.0, 764.0, -2474.0, -1974.0, 53.0, 3109.0, -4486.0, 3400.0, 1189.0, -274.0, 617.0, 2080.0)
(datetime.datetime(2013, 9, 24, 0, 0), 7296.0, 7518.0, -6746.0, -1481.0, -1451.0, -159.0, -2155.0, -4245.0, 7714.0, -8856.0, 7838.0, 4008.0, 6589.0, 6959.0, 707.0, 337.0)
(datetime.datetime(2013, 10, 1, 0, 0), -3508.0, 5191.0, -7717.0, -666.0, -1132.0, 3268.0, -18310.0, -3226.0, 2725.0, 1961.0, 929.0, 758.0, -5073.0, -4395.0, 1565.0, 887.0)
(datetime.datetime(2013, 10, 8, 0, 0), 6213.0, 16113.0, 8681.0, -1372.0, 392.0, -1542.0, -3146.0, 4256.0, -2679.0, -1826.0, -7277.0, -87.0, 5461.0, 1744.0, 752.0, 4469.0)
(datetime.datetime(2013, 10, 15, 0, 0), 18656.0, 13295.0, 14348.0, -1728.0, -1068.0, 5528.0, 912.0, -1802.0, 1411.0, 1467.0, -2661.0, -2412.0, 18473.0, 13344.0, 183.0, 5312.0)
(datetime.datetime(2013, 10, 22, 0, 0), 10360.0, 816.0, 9273.0, 2290.0, 1168.0, -1880.0, 4769.0, 4254.0, 660.0, 1350.0, -1095.0, -2495.0, 5510.0, 9885.0, 4850.0, 475.0)
(datetime.datetime(2013, 10, 29, 0, 0), -67671.0, -28600.0, -39311.0, 599.0, 8.0, -5680.0, -15874.0, 88.0, 3355.0, -12184.0, -19010.0, -4636.0, -63020.0, -65186.0, -4651.0, -2485.0)
(datetime.datetime(2013, 11, 5, 0, 0), -20730.0, -12842.0, -31369.0, 600.0, 508.0, -1059.0, -3444.0, 10507.0, -2794.0, 3784.0, 8064.0, 249.0, -15506.0, -15894.0, -5224.0, -4836.0)
(datetime.datetime(2013, 11, 12, 0, 0), 14285.0, -7684.0, 18022.0, 149.0, -2840.0, 1311.0, 9892.0, -8470.0, 4696.0, 2940.0, 3076.0, 488.0, 11792.0, 16283.0, 2493.0, -1998.0)
(datetime.datetime(2013, 11, 19, 0, 0), 2434.0, 291.0, 6597.0, 1133.0, 329.0, -588.0, 6107.0, -1501.0, -3080.0, -754.0, -6344.0, 2448.0, 5557.0, -2139.0, -3123.0, 4573.0)
(datetime.datetime(2013, 11, 26, 0, 0), 25590.0, -906.0, 9388.0, -2959.0, 1018.0, 406.0, 14688.0, 1773.0, 6003.0, 1742.0, 3025.0, 336.0, 19310.0, 21949.0, 6280.0, 3641.0)
(datetime.datetime(2013, 12, 3, 0, 0), 11944.0, -866.0, -2533.0, -3815.0, -1486.0, 330.0, 10830.0, -76.0, 3578.0, 1047.0, 7201.0, -195.0, 10909.0, 6819.0, 1035.0, 5125.0)
(datetime.datetime(2013, 12, 10, 0, 0), 23381.0, 9266.0, 22408.0, -86.0, 1325.0, 2454.0, 8873.0, -3230.0, -11347.0, 4242.0, 2517.0, 9868.0, 23270.0, 23995.0, 111.0, -614.0)
(datetime.datetime(2013, 12, 17, 0, 0), 9528.0, 10800.0, 12489.0, 5062.0, 4458.0, -4956.0, 7241.0, -1315.0, -4160.0, -359.0, 4590.0, -5654.0, 7974.0, 5452.0, 1554.0, 4076.0)
(datetime.datetime(2013, 12, 24, 0, 0), -22261.0, -18295.0, -13047.0, 1195.0, -4208.0, 487.0, -3762.0, -811.0, 849.0, 281.0, -1463.0, -771.0, -20016.0, -18964.0, -2245.0, -3297.0)
(datetime.datetime(2013, 12, 31, 0, 0), -52844.0, -24080.0, -40025.0, -2873.0, 496.0, -2197.0, -16093.0, 8849.0, 3034.0, 879.0, -14078.0, -4587.0, -45917.0, -48508.0, -6927.0, -4336.0)
(datetime.datetime(2014, 1, 7, 0, 0), -6692.0, 9346.0, -18361.0, -559.0, -200.0, 303.0, -21145.0, 2850.0, 1625.0, 1531.0, 1062.0, 3493.0, -5406.0, -9228.0, -1286.0, 2536.0)
(datetime.datetime(2014, 1, 14, 0, 0), 25328.0, -3430.0, 7546.0, -1000.0, 2689.0, 2722.0, 12025.0, -1477.0, 3019.0, 4542.0, 6607.0, 5605.0, 23483.0, 26711.0, 1845.0, -1383.0)
(datetime.datetime(2014, 1, 21, 0, 0), 9556.0, 2940.0, 8269.0, 2329.0, -348.0, 201.0, 5904.0, 375.0, -8447.0, 2754.0, 3973.0, 2563.0, 8244.0, 6586.0, 1312.0, 2970.0)
(datetime.datetime(2014, 1, 28, 0, 0), -12313.0, 824.0, -8704.0, -2087.0, -1888.0, 11.0, -12497.0, -438.0, -2148.0, 3037.0, -3962.0, 908.0, -11952.0, -16221.0, -361.0, 3908.0)
(datetime.datetime(2014, 2, 4, 0, 0), 32853.0, 13468.0, 22481.0, -1797.0, -445.0, 1177.0, 14348.0, -6004.0, 4783.0, -4464.0, 3479.0, 4648.0, 32163.0, 30119.0, 690.0, 2734.0)
(datetime.datetime(2014, 2, 11, 0, 0), 58721.0, 7852.0, 26279.0, -3881.0, 2277.0, 6967.0, 25120.0, -385.0, 5056.0, 2179.0, 3280.0, 10071.0, 53364.0, 53545.0, 5357.0, 5176.0)
(datetime.datetime(2014, 2, 18, 0, 0), 7796.0, 243.0, 10748.0, 947.0, 1446.0, 88.0, 12881.0, -55.0, -13733.0, 1606.0, 4974.0, 1722.0, 3754.0, 5190.0, 4042.0, 2606.0)
(datetime.datetime(2014, 2, 25, 0, 0), 13084.0, 7962.0, 23784.0, 3811.0, -2754.0, -4644.0, 3221.0, 1081.0, -1447.0, 1842.0, -8503.0, 2380.0, 13125.0, 9897.0, -41.0, 3187.0)
(datetime.datetime(2014, 3, 4, 0, 0), -35995.0, -14870.0, -11264.0, 2939.0, -4034.0, 775.0, 10459.0, 5507.0, -11557.0, -1650.0, 4754.0, -10876.0, -24780.0, -26695.0, -11215.0, -9300.0)
(datetime.datetime(2014, 3, 11, 0, 0), 1999.0, 11112.0, -2011.0, -1916.0, 891.0, 355.0, -4605.0, 2535.0, 673.0, -4385.0, 3282.0, 209.0, 1443.0, 5934.0, 556.0, -3935.0)
(datetime.datetime(2014, 3, 18, 0, 0), -13847.0, -5426.0, -14908.0, -1103.0, 510.0, 2676.0, -1173.0, -1041.0, -3933.0, -7520.0, -7.0, 2556.0, -13923.0, -14147.0, 76.0, 300.0)
(datetime.datetime(2014, 3, 25, 0, 0), -31942.0, -13398.0, -23254.0, 1697.0, 280.0, -1754.0, -13804.0, -7209.0, 2113.0, -2339.0, 2615.0, -8572.0, -36057.0, -35781.0, 4115.0, 3839.0)
(datetime.datetime(2014, 4, 1, 0, 0), 13949.0, 11381.0, 16145.0, 401.0, 98.0, 980.0, 5213.0, 3600.0, -9282.0, 5728.0, 2185.0, 1815.0, 16236.0, 15541.0, -2287.0, -1592.0)
(datetime.datetime(2014, 4, 8, 0, 0), 3926.0, 2334.0, -8241.0, 1398.0, -3441.0, 1245.0, -6746.0, 5083.0, 3406.0, -1101.0, 4941.0, -1484.0, -948.0, 1509.0, 4874.0, 2417.0)
(datetime.datetime(2014, 4, 15, 0, 0), 27617.0, 3098.0, 9477.0, 2374.0, -2406.0, 3753.0, 5183.0, -3511.0, 5892.0, 1457.0, 7298.0, 5622.0, 27379.0, 26125.0, 238.0, 1492.0)
(datetime.datetime(2014, 4, 22, 0, 0), -7642.0, 14701.0, -13061.0, -51.0, -1004.0, -470.0, -15062.0, 1126.0, 3697.0, -6737.0, 3813.0, -2104.0, -6026.0, -8003.0, -1616.0, 361.0)
(datetime.datetime(2014, 4, 29, 0, 0), -51012.0, -23476.0, -7957.0, 616.0, 111.0, -6046.0, 1890.0, -4470.0, -10027.0, -2747.0, -15483.0, -8594.0, -48384.0, -52466.0, -2628.0, 1454.0)
(datetime.datetime(2014, 5, 6, 0, 0), -28712.0, -675.0, -31020.0, -510.0, -78.0, 436.0, -20730.0, 1095.0, -1719.0, 871.0, 7485.0, -3826.0, -26153.0, -27627.0, -2559.0, -1085.0)
(datetime.datetime(2014, 5, 13, 0, 0), 8035.0, 11179.0, -5.0, -4986.0, 459.0, 739.0, -3154.0, 1558.0, -794.0, 5705.0, 4633.0, 1061.0, 9750.0, 7651.0, -1715.0, 384.0)
(datetime.datetime(2014, 5, 20, 0, 0), 16902.0, 14000.0, 3869.0, -384.0, 487.0, -118.0, -4258.0, 6291.0, 5518.0, -161.0, -828.0, 212.0, 14809.0, 15431.0, 2093.0, 1471.0)
(datetime.datetime(2014, 5, 27, 0, 0), 10934.0, 6121.0, 9032.0, -916.0, 453.0, 1331.0, 353.0, -6991.0, -384.0, 5062.0, 5246.0, -2152.0, 9415.0, 6535.0, 1519.0, 4399.0)
(datetime.datetime(2014, 6, 3, 0, 0), 10259.0, 15294.0, -13584.0, -2474.0, -442.0, 1277.0, -7577.0, 11573.0, 1356.0, 208.0, 2827.0, 4321.0, 12405.0, 7328.0, -2146.0, 2931.0)
(datetime.datetime(2014, 6, 10, 0, 0), 3561.0, -8802.0, -26875.0, 6629.0, 3020.0, -450.0, -11500.0, 13195.0, 4670.0, 2736.0, -752.0, 8223.0, 1506.0, 1031.0, 2055.0, 2530.0)
(datetime.datetime(2014, 6, 17, 0, 0), -15233.0, -2053.0, -41894.0, -409.0, -155.0, 1445.0, -13053.0, 14600.0, -3908.0, -1248.0, 3743.0, 7927.0, -11299.0, -18242.0, -3934.0, 3009.0)
(datetime.datetime(2014, 6, 24, 0, 0), -8524.0, 3554.0, -3781.0, 206.0, -846.0, -5821.0, -2539.0, 5422.0, 5838.0, 994.0, 4067.0, -9034.0, -6802.0, -4155.0, -1722.0, -4369.0)
(datetime.datetime(2014, 7, 1, 0, 0), -11940.0, 1843.0, -22598.0, -3239.0, -155.0, 1224.0, 600.0, 5718.0, -6332.0, -1787.0, 13378.0, -1218.0, -8909.0, -9983.0, -3031.0, -1957.0)
(datetime.datetime(2014, 7, 8, 0, 0), 9837.0, 9764.0, -12766.0, -4231.0, 1367.0, -241.0, -7533.0, 4097.0, 3937.0, 2597.0, 3610.0, 3901.0, 8194.0, 3905.0, 1643.0, 5932.0)
(datetime.datetime(2014, 7, 15, 0, 0), 19914.0, 21518.0, 4947.0, -3182.0, 2755.0, 1207.0, -3114.0, 4397.0, 1339.0, 365.0, -2550.0, 3020.0, 21153.0, 15115.0, -1239.0, 4799.0)
(datetime.datetime(2014, 7, 22, 0, 0), 22795.0, 22830.0, 14447.0, -1499.0, 685.0, -1133.0, -2638.0, 6605.0, 1353.0, 3727.0, 18.0, 916.0, 23556.0, 22891.0, -761.0, -96.0)
(datetime.datetime(2014, 7, 29, 0, 0), -38456.0, -11028.0, -6129.0, -684.0, -3137.0, 224.0, -988.0, -7400.0, -2751.0, -3119.0, 1396.0, -18085.0, -36431.0, -35882.0, -2025.0, -2574.0)
(datetime.datetime(2014, 8, 5, 0, 0), 17119.0, 4871.0, 1435.0, -2337.0, 214.0, 1068.0, 1619.0, 2151.0, 5963.0, 1089.0, 3206.0, 3072.0, 15345.0, 17109.0, 1774.0, 10.0)
(datetime.datetime(2014, 8, 12, 0, 0), 13548.0, 5647.0, 11368.0, 56.0, 490.0, -716.0, -359.0, -2471.0, 2004.0, 7801.0, 674.0, -970.0, 13463.0, 10379.0, 85.0, 3169.0)
(datetime.datetime(2014, 8, 19, 0, 0), 4018.0, 4561.0, 4325.0, 2605.0, -2015.0, -1101.0, -2557.0, 2501.0, 3519.0, 658.0, -2315.0, -3186.0, 4499.0, 1728.0, -481.0, 2290.0)
(datetime.datetime(2014, 8, 26, 0, 0), 3402.0, 7558.0, -8972.0, 316.0, 2610.0, -266.0, -3484.0, 4487.0, -1145.0, 997.0, 3488.0, -4407.0, -431.0, -4205.0, 3833.0, 7607.0)
(datetime.datetime(2014, 9, 2, 0, 0), 24613.0, 7253.0, 816.0, 1109.0, 2309.0, -246.0, -646.0, 2883.0, 7310.0, 4192.0, 4671.0, 3948.0, 22920.0, 21691.0, 1693.0, 2922.0)
(datetime.datetime(2014, 9, 9, 0, 0), 21798.0, 14748.0, 2734.0, -239.0, 2185.0, 866.0, -8863.0, 3596.0, 5302.0, 4532.0, 1033.0, 7317.0, 23663.0, 23033.0, -1865.0, -1235.0)
(datetime.datetime(2014, 9, 16, 0, 0), 32968.0, 22327.0, 1516.0, -2475.0, 0.0, 2630.0, 9263.0, -3345.0, 2669.0, -2432.0, 19138.0, -545.0, 31437.0, 22063.0, 1531.0, 10905.0)
(datetime.datetime(2014, 9, 23, 0, 0), 23771.0, 12694.0, 1484.0, -4103.0, 1169.0, 511.0, 824.0, -4216.0, 5274.0, 5303.0, 9821.0, 3409.0, 23912.0, 17452.0, -141.0, 6319.0)
(datetime.datetime(2014, 9, 30, 0, 0), 22908.0, -1719.0, -3429.0, -835.0, 5571.0, 313.0, 9333.0, -2915.0, 2807.0, 3376.0, 8870.0, 9036.0, 22311.0, 20253.0, 597.0, 2655.0)
(datetime.datetime(2014, 10, 7, 0, 0), 7912.0, -7358.0, 10026.0, 2515.0, -1266.0, -2793.0, -1337.0, 13853.0, 4568.0, 1330.0, -22055.0, 7893.0, 4818.0, 10226.0, 3094.0, -2314.0)
(datetime.datetime(2014, 10, 14, 0, 0), 28953.0, -570.0, 11016.0, -511.0, -867.0, 4501.0, 8626.0, -330.0, -671.0, 3173.0, 3046.0, 15494.0, 30042.0, 32189.0, -1089.0, -3236.0)
(datetime.datetime(2014, 10, 21, 0, 0), -14553.0, -11919.0, 1726.0, -2496.0, -1242.0, -1860.0, -1719.0, -3923.0, -7357.0, 12409.0, 878.0, -4081.0, -17023.0, -15859.0, 2470.0, 1306.0)
(datetime.datetime(2014, 10, 28, 0, 0), -103231.0, -28933.0, -8494.0, 12897.0, -8741.0, -8353.0, -20915.0, -11368.0, -6638.0, -19673.0, -21836.0, -28960.0, -100575.0, -94390.0, -2656.0, -8841.0)
(datetime.datetime(2014, 11, 4, 0, 0), -38441.0, -10878.0, 9376.0, 2553.0, -3236.0, -2136.0, -594.0, -12057.0, -5930.0, -86.0, -2652.0, -15051.0, -32122.0, -31686.0, -6319.0, -6755.0)
(datetime.datetime(2014, 11, 11, 0, 0), 5308.0, -6067.0, 12888.0, 3711.0, 2180.0, 1022.0, 6883.0, -10195.0, -2057.0, -4350.0, 905.0, 4098.0, 3240.0, 8841.0, 2068.0, -3533.0)
(datetime.datetime(2014, 11, 18, 0, 0), 9295.0, 15018.0, 13545.0, 943.0, -1280.0, -383.0, -7241.0, 1874.0, -2919.0, -5230.0, -8929.0, 8636.0, 8824.0, 10544.0, 471.0, -1249.0)
(datetime.datetime(2014, 11, 25, 0, 0), 2672.0, 4031.0, 853.0, -243.0, 1783.0, -1265.0, 4759.0, 281.0, 2168.0, -5219.0, -284.0, -3087.0, 1144.0, 449.0, 1528.0, 2223.0)
(datetime.datetime(2014, 12, 2, 0, 0), 3177.0, 2697.0, -18805.0, -2791.0, -929.0, 782.0, -10106.0, 7095.0, 10812.0, -2243.0, -1632.0, 6404.0, 5555.0, 3727.0, -2378.0, -550.0)
(datetime.datetime(2014, 12, 9, 0, 0), 17649.0, -9591.0, 16820.0, -425.0, 824.0, 3422.0, 7999.0, -18138.0, 10194.0, 36.0, 5101.0, 3428.0, 15063.0, 21651.0, 2586.0, -4002.0)
(datetime.datetime(2014, 12, 16, 0, 0), 1896.0, -7060.0, -7507.0, -1849.0, -490.0, 1752.0, 3433.0, 6996.0, -13305.0, 1995.0, -1342.0, 16714.0, 1680.0, 2818.0, 216.0, -922.0)
(datetime.datetime(2014, 12, 23, 0, 0), -35230.0, -12465.0, -6241.0, 4903.0, -643.0, -4105.0, 1211.0, -1381.0, -10551.0, -1929.0, 2976.0, -11469.0, -34405.0, -31414.0, -825.0, -3816.0)
(datetime.datetime(2014, 12, 30, 0, 0), -53403.0, -19093.0, -17352.0, -2363.0, -50.0, -1861.0, -549.0, 5144.0, -6382.0, -1205.0, -17160.0, -16678.0, -48131.0, -54339.0, -5272.0, 936.0)
(datetime.datetime(2015, 1, 6, 0, 0), 3100.0, 1289.0, 3532.0, 427.0, 110.0, 252.0, 2665.0, -1053.0, 1612.0, 2073.0, 3607.0, -3601.0, 4717.0, 4459.0, -1617.0, -1359.0)
(datetime.datetime(2015, 1, 13, 0, 0), 9232.0, 16451.0, -8116.0, -2758.0, -276.0, 987.0, -9407.0, 13050.0, 228.0, 4619.0, 1425.0, 1134.0, 11254.0, 8432.0, -2022.0, 800.0)
(datetime.datetime(2015, 1, 20, 0, 0), 29954.0, 15138.0, -8394.0, -510.0, 1257.0, 3031.0, -10565.0, 7534.0, 10293.0, 7034.0, 9821.0, 7002.0, 31423.0, 30544.0, -1469.0, -590.0)
(datetime.datetime(2015, 1, 27, 0, 0), 34023.0, 36091.0, 11668.0, 1755.0, 214.0, -1189.0, -11699.0, 9790.0, 9756.0, -4992.0, -738.0, 2576.0, 32298.0, 32077.0, 1725.0, 1946.0)
(datetime.datetime(2015, 2, 3, 0, 0), 25302.0, 1381.0, 18533.0, 1350.0, -818.0, 2885.0, 12740.0, -4594.0, 5383.0, -3319.0, 6774.0, -655.0, 19765.0, 27508.0, 5537.0, -2206.0)
(datetime.datetime(2015, 2, 10, 0, 0), 18494.0, 4748.0, -4764.0, 2063.0, -1585.0, -3672.0, -12080.0, 7221.0, 11393.0, -1026.0, -5456.0, 14429.0, 15855.0, 17566.0, 2639.0, 928.0)
(datetime.datetime(2015, 2, 17, 0, 0), -24064.0, -18589.0, 744.0, 2718.0, 420.0, 1339.0, 2868.0, -13737.0, -6771.0, 1521.0, 5618.0, -8962.0, -25876.0, -21349.0, 1812.0, -2715.0)
(datetime.datetime(2015, 2, 24, 0, 0), -24757.0, -25199.0, -7417.0, -636.0, -1011.0, -1336.0, 8535.0, -5948.0, -6010.0, 2478.0, 1422.0, -5471.0, -27639.0, -25771.0, 2882.0, 1014.0)
(datetime.datetime(2015, 3, 3, 0, 0), -5959.0, -17660.0, -4472.0, 5785.0, -130.0, -1070.0, -1733.0, -184.0, -871.0, 18432.0, -894.0, -1504.0, 1379.0, -9125.0, -7338.0, 3166.0)
(datetime.datetime(2015, 3, 10, 0, 0), 6253.0, 24517.0, 14288.0, -558.0, -239.0, -2172.0, -15028.0, 3351.0, 1512.0, -536.0, -5811.0, -395.0, 7340.0, 10534.0, -1087.0, -4281.0)
(datetime.datetime(2015, 3, 17, 0, 0), 37776.0, 20513.0, 17067.0, -1722.0, 379.0, 1207.0, -4281.0, 13465.0, 2216.0, 9373.0, -6241.0, 9357.0, 36663.0, 37450.0, 1113.0, 326.0)
(datetime.datetime(2015, 3, 24, 0, 0), 12268.0, -1758.0, 14296.0, 8506.0, -728.0, -664.0, 2029.0, 959.0, 5076.0, 715.0, -164.0, -2601.0, 11303.0, 16174.0, 965.0, -3906.0)
(datetime.datetime(2015, 3, 31, 0, 0), 35627.0, 12419.0, 9805.0, 1597.0, -142.0, 2582.0, 2486.0, 11150.0, 10022.0, 850.0, -2104.0, 3022.0, 32978.0, 34335.0, 2649.0, 1292.0)
(datetime.datetime(2015, 4, 7, 0, 0), -9957.0, -2150.0, 5093.0, 991.0, 763.0, 64.0, -7327.0, -4318.0, -8232.0, 3055.0, -3202.0, 3341.0, -10258.0, -6491.0, 301.0, -3466.0)
(datetime.datetime(2015, 4, 14, 0, 0), 40443.0, 23298.0, 2314.0, 3299.0, -967.0, 4973.0, -7735.0, 24086.0, 3910.0, 3932.0, -1712.0, 5830.0, 37507.0, 38434.0, 2936.0, 2009.0)
(datetime.datetime(2015, 4, 21, 0, 0), -44699.0, -34983.0, -10947.0, -1278.0, -343.0, -3311.0, 5982.0, -23164.0, -8720.0, -2574.0, 105.0, 2632.0, -42252.0, -43748.0, -2447.0, -951.0)
(datetime.datetime(2015, 4, 28, 0, 0), -56888.0, -24873.0, -20743.0, -2055.0, -900.0, -1832.0, 4168.0, -1536.0, -13724.0, -1493.0, -2653.0, -15512.0, -55321.0, -56900.0, -1567.0, 12.0)
(datetime.datetime(2015, 5, 5, 0, 0), -4132.0, -6940.0, -2454.0, 5713.0, 138.0, 506.0, 4510.0, -1696.0, 545.0, 586.0, 3851.0, -4496.0, 424.0, -3606.0, -4556.0, -526.0)
(datetime.datetime(2015, 5, 12, 0, 0), 5301.0, 4163.0, 135.0, 1373.0, -368.0, -272.0, -4176.0, 18601.0, -5614.0, 11120.0, -5176.0, -750.0, 5844.0, 6556.0, -543.0, -1255.0)
(datetime.datetime(2015, 5, 19, 0, 0), -1585.0, 7980.0, -29258.0, -895.0, -186.0, 373.0, -13959.0, 23157.0, -379.0, -3139.0, -1828.0, 7311.0, -2708.0, -810.0, 1123.0, -775.0)
(datetime.datetime(2015, 5, 26, 0, 0), 18138.0, 3285.0, -7624.0, -1448.0, -23.0, 1216.0, 760.0, 15088.0, 1938.0, -1708.0, -6933.0, 11763.0, 15806.0, 15425.0, 2332.0, 2713.0)
(datetime.datetime(2015, 6, 2, 0, 0), 37858.0, 11325.0, 28160.0, 8963.0, 1034.0, -1915.0, 5897.0, -1139.0, 7431.0, -113.0, 798.0, 4218.0, 35806.0, 38587.0, 2052.0, -729.0)
(datetime.datetime(2015, 6, 9, 0, 0), -4272.0, -5858.0, 10160.0, 2434.0, 1350.0, -561.0, -2391.0, -7788.0, -6867.0, -3440.0, -8791.0, 9921.0, -6762.0, -2576.0, 2490.0, -1696.0)
(datetime.datetime(2015, 6, 16, 0, 0), -6570.0, -18142.0, 405.0, -1589.0, -190.0, 2436.0, 10853.0, -8069.0, 6229.0, 2181.0, 2934.0, -5870.0, -3902.0, -2125.0, -2668.0, -4445.0)
(datetime.datetime(2015, 6, 23, 0, 0), -36011.0, -30344.0, 27032.0, 251.0, 127.0, 2941.0, 8836.0, -54523.0, -7589.0, -10085.0, 3144.0, -2946.0, -38936.0, -31814.0, 2925.0, -4197.0)
(datetime.datetime(2015, 6, 30, 0, 0), -35573.0, -14839.0, 51785.0, 6754.0, 426.0, -4070.0, 19879.0, -31226.0, -3911.0, -19501.0, -18294.0, -17181.0, -32869.0, -22471.0, -2704.0, -13102.0)
(datetime.datetime(2015, 7, 7, 0, 0), -561.0, -6746.0, 13913.0, -1198.0, -1147.0, 1770.0, 3529.0, -3815.0, -455.0, -3037.0, -14170.0, 4325.0, -1812.0, 421.0, 1251.0, -982.0)
(datetime.datetime(2015, 7, 14, 0, 0), 11040.0, 11219.0, 14415.0, -11343.0, 588.0, 3693.0, 169.0, -10106.0, -1352.0, 3912.0, 5734.0, 2534.0, 8832.0, 15506.0, 2208.0, -4466.0)
(datetime.datetime(2015, 7, 21, 0, 0), 3278.0, -2290.0, 4195.0, -2151.0, -946.0, 26.0, 3204.0, -5666.0, 2464.0, 754.0, 2749.0, -43.0, 1964.0, 2779.0, 1314.0, 499.0)
(datetime.datetime(2015, 7, 28, 0, 0), -45639.0, -4002.0, -40759.0, -10333.0, -1296.0, -592.0, -12231.0, -552.0, 2257.0, -13055.0, -2784.0, -487.0, -38443.0, -44213.0, -7196.0, -1426.0)
(datetime.datetime(2015, 8, 4, 0, 0), 8490.0, 9247.0, 2706.0, -1758.0, 1789.0, 738.0, -6232.0, 3923.0, 286.0, 6509.0, 522.0, 329.0, 9119.0, 10293.0, -629.0, -1803.0)
(datetime.datetime(2015, 8, 11, 0, 0), 6139.0, -1727.0, 22125.0, 1681.0, 1846.0, -2536.0, 1401.0, -4318.0, 4263.0, 4624.0, -6237.0, -2846.0, 4860.0, 12297.0, 1279.0, -6158.0)
(datetime.datetime(2015, 8, 18, 0, 0), 9651.0, 21576.0, -20108.0, -4565.0, -1341.0, 2443.0, -16504.0, 17340.0, -4690.0, 6812.0, 9775.0, 5070.0, 10142.0, 8489.0, -491.0, 1162.0)
(datetime.datetime(2015, 8, 25, 0, 0), -2456.0, 10297.0, -22106.0, -2976.0, 1779.0, -3100.0, -11090.0, 2734.0, -1012.0, -293.0, 6548.0, 4969.0, -3205.0, -10188.0, 749.0, 7732.0)
(datetime.datetime(2015, 9, 1, 0, 0), 546.0, -668.0, -13083.0, 56.0, -198.0, -490.0, -1046.0, 20535.0, 6746.0, 3107.0, -2279.0, -6821.0, 884.0, 4410.0, -338.0, -3864.0)
(datetime.datetime(2015, 9, 8, 0, 0), -1775.0, -6245.0, 1265.0, -438.0, -522.0, -67.0, 937.0, 1938.0, -4400.0, 6162.0, 1052.0, 438.0, -3613.0, -296.0, 1838.0, -1479.0)
(datetime.datetime(2015, 9, 15, 0, 0), 15060.0, 5111.0, -1185.0, -1537.0, 318.0, 638.0, 1152.0, 9342.0, 6435.0, 1701.0, 1279.0, 496.0, 13996.0, 17323.0, 1064.0, -2263.0)
(datetime.datetime(2015, 9, 22, 0, 0), 18812.0, 10867.0, 1621.0, 1050.0, -380.0, 81.0, -1350.0, 13790.0, -1262.0, 1064.0, -4571.0, 8558.0, 19008.0, 17837.0, -196.0, 975.0)
(datetime.datetime(2015, 9, 29, 0, 0), 10451.0, 853.0, 24092.0, -219.0, 1210.0, 282.0, -3333.0, -13570.0, 293.0, 7105.0, -5023.0, 2750.0, 7731.0, 10034.0, 2720.0, 417.0)
(datetime.datetime(2015, 10, 6, 0, 0), 5545.0, -1109.0, 10609.0, 3447.0, -1084.0, -907.0, 3811.0, -5041.0, 5105.0, -4830.0, 251.0, -2767.0, 2750.0, 6166.0, 2795.0, -621.0)
(datetime.datetime(2015, 10, 13, 0, 0), 29294.0, -8529.0, 7359.0, -2477.0, 2192.0, 1765.0, 15710.0, -2239.0, -703.0, 1300.0, -196.0, 17680.0, 24746.0, 25858.0, 4548.0, 3436.0)
(datetime.datetime(2015, 10, 20, 0, 0), -141.0, 27488.0, 9317.0, -18403.0, 269.0, 14948.0, -9762.0, -11969.0, -5661.0, 3085.0, 4285.0, -14055.0, -2360.0, -2866.0, 2219.0, 2725.0)
(datetime.datetime(2015, 10, 27, 0, 0), -76408.0, -15128.0, -41335.0, 6900.0, -177.0, -3924.0, -3341.0, 4933.0, -7575.0, -40835.0, -8772.0, -13584.0, -77487.0, -70434.0, 1079.0, -5974.0)
(datetime.datetime(2015, 11, 3, 0, 0), -19808.0, 2204.0, -20328.0, -2893.0, 7.0, -726.0, -11337.0, 12121.0, -9097.0, 1163.0, 265.0, 4553.0, -16133.0, -13205.0, -3675.0, -6603.0)
(datetime.datetime(2015, 11, 10, 0, 0), 31137.0, 22360.0, -11028.0, -1762.0, -111.0, 991.0, -772.0, 28355.0, 3293.0, 2356.0, 3417.0, 5714.0, 32180.0, 30631.0, -1043.0, 506.0)
(datetime.datetime(2015, 11, 17, 0, 0), 10655.0, 19.0, 4085.0, -189.0, -654.0, 1199.0, -4330.0, -6290.0, 4290.0, 2807.0, 2908.0, 5039.0, 8835.0, 10577.0, 1820.0, 78.0)
